1.675574257425742530e+02 1.494433811802232981e+02 1.334929577464788792e+02
1.710111695137976255e+02 1.287334167709637143e+02 1.291428571428571388e+02
1.629120689655172498e+02 1.320655080213903716e+02 1.867175239755885059e+02
1.822320902845927435e+02 1.408697123519458501e+02 1.371447368421052602e+02
1.417670391179007936e+02 1.333523875914953010e+02 1.248615346778160387e+02
1.289458071876782697e+02 1.289277251184834086e+02 1.278859975216852547e+02
1.704230467729291831e+02 1.249981532779316780e+02 1.622521367521367495e+02
1.274941494750670756e+02 1.254857846917222588e+02 1.256474189532563628e+02
1.249210457516339829e+02 1.262901353965183802e+02 1.279914529914529879e+02
1.535570150390253161e+02 1.290643431635388652e+02 1.397725752508361268e+02
1.746562654779593800e+02 1.225139092240117122e+02 1.360098522167487545e+02
1.983192031156381177e+02 1.298470017636684304e+02 1.526102021174205845e+02
1.558323638286620962e+02 1.591480472297911035e+02 1.370504413619167678e+02
1.791956821468204453e+02 1.270794656725691141e+02 1.423797991730655781e+02
1.802919342549254509e+02 1.311381071876680551e+02 1.573012314493211363e+02
2.066369138301646728e+02 1.332028218694885311e+02 1.479803493449781797e+02
1.784600799881499142e+02 1.374230769230769340e+02 1.600425029515938604e+02
1.311066750828467775e+02 1.867964889466840077e+02 1.635533067274800487e+02
1.721167185415740448e+02 1.294563049853372547e+02 1.726389438943894277e+02
1.469767911200807191e+02 1.451620771046420089e+02 1.414574742268041234e+02
1.566835955056179728e+02 1.467161764705882376e+02 1.379142857142857110e+02
1.699859437751003952e+02 1.305164533820841086e+02 1.427369519832985247e+02
1.660619637750238269e+02 1.298704663212435264e+02 1.289509803921568505e+02
1.912192237214725878e+02 1.271925212884116974e+02 1.383621076233183942e+02
1.946291335286730941e+02 1.603216842105263140e+02 1.561783355350065960e+02
1.808800414991570449e+02 1.967939049586776719e+02 1.267701984903550425e+02
1.952140596555104253e+02 1.283963152341530645e+02 1.334869262056943739e+02
1.825347087493493632e+02 1.864388758782201307e+02 1.277250909090909090e+02
1.709869425893204777e+02 1.282450495049504866e+02 1.457125340599455114e+02
1.925207268597387724e+02 1.302816657027183282e+02 1.902617007251153609e+02
1.797430034129692729e+02 1.774994298745723995e+02 1.251648550724637659e+02
1.280000000000000000e+02 1.280000000000000000e+02 1.280000000000000000e+02
1.745461022383185821e+02 1.477928994082840291e+02 1.783198247535596863e+02
1.548700449967859356e+02 1.474691405498942629e+02 1.305429967924240202e+02
1.668524190741385382e+02 1.322290640394088541e+02 1.944199999999999875e+02
1.581606660666066659e+02 1.283518136600752086e+02 1.277919463087248317e+02
1.761120396755808883e+02 1.257441971452123681e+02 1.657376029763486542e+02
1.778977585528902807e+02 1.711270823417420388e+02 1.405475168608215881e+02
1.511684991050882161e+02 1.573276247207743950e+02 1.332569478303266806e+02
1.864496543432521776e+02 1.776980118216012841e+02 1.307435736677115869e+02
1.264534356909136648e+02 1.864424996581430207e+02 1.296975894813732566e+02
1.719043914680050307e+02 1.307255411255411275e+02 1.241346516007533012e+02
1.709370409233997918e+02 1.318801916932907261e+02 1.255716878402903802e+02
1.639733596447952664e+02 1.304093473005640647e+02 1.263827683615819240e+02
1.725054525627044768e+02 1.263396039603960332e+02 1.339325025960540074e+02
1.602366946778711565e+02 1.214431818181818130e+02 1.358664921465968689e+02
1.999825616355983300e+02 1.304885496183206044e+02 1.539408163265306086e+02
2.070367885238315466e+02 1.287893939393939320e+02 1.666831683168316829e+02
2.078239661085333978e+02 1.288755984952120457e+02 1.679275700934579447e+02
2.072117346938775597e+02 1.293385964912280599e+02 1.605000000000000000e+02
1.460879539707553079e+02 1.239652353361377948e+02 1.393923013923013912e+02
1.611477544512357269e+02 1.352717497556207320e+02 1.248791208791208760e+02
1.978427328706871151e+02 1.263343328335832041e+02 1.649291882556131270e+02
1.769076823757262673e+02 1.309626055488540430e+02 1.243003144654088032e+02
1.261650191796990299e+02 1.248228896944588229e+02 1.243929411764705861e+02
1.989790476190476056e+02 1.327072289156626539e+02 1.822641815235008096e+02
1.676141399929651641e+02 1.276766719325961077e+02 1.481137546468401354e+02
1.356343984962406068e+02 1.494686446392447863e+02 1.310559366754617372e+02
1.656616895874263378e+02 1.819750594870891121e+02 1.228212039532794222e+02
1.529168052642996543e+02 1.285617307941443244e+02 1.259408212560386460e+02
1.658741050119331817e+02 1.294680324973507481e+02 1.618223350253807098e+02
1.607561104382123744e+02 1.264819595946556490e+02 1.692589988456291223e+02
1.313334343128344983e+02 1.268204584858408737e+02 1.396125000000000114e+02
1.278367165693986323e+02 1.257948890383322151e+02 1.268648915187376787e+02
1.831575117765814298e+02 1.275974057984410166e+02 1.821225259736490898e+02
1.636968875869644933e+02 1.296055004508566242e+02 1.398122192273135624e+02
1.680398230088495666e+02 1.279236417033773847e+02 1.436526315789473642e+02
1.582076948157808829e+02 1.585146131805157665e+02 1.285455729166666572e+02
1.948627882119407673e+02 1.216223998360487712e+02 1.480634231103388458e+02
1.539975471067008641e+02 1.257413016782644348e+02 1.229585798816568030e+02
1.649359781756972438e+02 1.290136961776027249e+02 1.667419999999999902e+02
1.931514947179141473e+02 1.995157894736842081e+02 1.265127640845070403e+02
1.266495487364620942e+02 1.269192935619673506e+02 1.255526315789473699e+02
1.905136832540488570e+02 1.320260533156017573e+02 1.815320008214114580e+02
1.802757268866383527e+02 1.344060702875399329e+02 1.717970588235294258e+02
1.280000000000000000e+02 1.280000000000000000e+02 1.280000000000000000e+02
1.280000000000000000e+02 1.280000000000000000e+02 1.280000000000000000e+02
1.724877356578147101e+02 1.284130170316301758e+02 1.658610662358642855e+02
1.538870026074141322e+02 1.257515862334166457e+02 1.537656725502130257e+02
1.558636918817685739e+02 1.396254954534856552e+02 1.318356404757262510e+02
1.735853963390049159e+02 1.283391220874421776e+02 1.557830228619813795e+02
1.865405570237853112e+02 1.283282655246252659e+02 1.312072141212586303e+02
1.785338435675101891e+02 1.307411185063531889e+02 1.704656611509738013e+02
1.751242341729067391e+02 1.292502172024326796e+02 1.397024793388429771e+02
1.858380332092756930e+02 1.263613535000969534e+02 1.573113873026536851e+02
1.535797373358348921e+02 1.248172757475083046e+02 1.223499999999999943e+02
1.632568615822559650e+02 1.353617830518788878e+02 1.535334833145856805e+02
1.724458321231484206e+02 1.288668730650154828e+02 1.574519230769230660e+02
1.602324876570366996e+02 1.278935294632694166e+02 1.553865581298267671e+02
1.606569287438079527e+02 1.298093206432556599e+02 1.418510378510378587e+02
1.854104693755856488e+02 1.281561523046092077e+02 1.672357320099255560e+02
1.730229157879938100e+02 1.692698879294506753e+02 1.293601973684210407e+02
1.684787077826725294e+02 1.266199494949494948e+02 1.246293103448275872e+02
1.773743780705322877e+02 1.525431180691454642e+02 1.525419973544973686e+02
1.359649117286087403e+02 1.346054781355117598e+02 1.264213592233009678e+02
1.729204847768253046e+02 1.836444691083980842e+02 1.286086242299794549e+02
1.781025825609646631e+02 1.717275266189561762e+02 1.244240731335703458e+02
1.630211267605633907e+02 1.294414285714285597e+02 1.660567107750472644e+02
1.333384830370312955e+02 1.324857142857142946e+02 1.298073846153846205e+02
1.740031524431434491e+02 1.304079276505676432e+02 1.695438429882874232e+02
1.516452643347708147e+02 1.270482433141059317e+02 1.509756838905774998e+02
1.677017665396605537e+02 1.668588682991396297e+02 1.341216317054970659e+02
1.280000000000000000e+02 1.280000000000000000e+02 1.280000000000000000e+02
1.591149053438772967e+02 1.317175043327556239e+02 1.565833333333333428e+02
1.729636537126995108e+02 1.209490829455242249e+02 1.350934256055363392e+02
1.492673741869222965e+02 1.308542471042470936e+02 1.251571428571428584e+02
1.959135345916555195e+02 1.611740090537705612e+02 1.273606425702811293e+02
1.708217952092655878e+02 1.263149935649935713e+02 1.636084758006260529e+02
1.982373940627811066e+02 1.299247592847317776e+02 1.614704684317719057e+02
1.270988132417239171e+02 1.298384479717813065e+02 1.294458955223880707e+02
1.825512118446405054e+02 1.861603751825939810e+02 1.280528196214754644e+02
1.769807245032911283e+02 1.272378400518824435e+02 1.587844100373731919e+02
1.540544967392952742e+02 1.285364656381486554e+02 1.516780715396578501e+02
1.667223467498294553e+02 1.305236060904808824e+02 1.580986573263280661e+02
1.934828409430020884e+02 1.282801047120418900e+02 1.230438177874186607e+02
1.584826767916468953e+02 1.311458590852904820e+02 1.494020408163265188e+02
1.594623691728263850e+02 1.285504620845829038e+02 1.233448621553884692e+02
1.264022594022594035e+02 1.277678958785249392e+02 1.315204081632653015e+02
1.761878343570437835e+02 1.291911682504192243e+02 1.349389400921658932e+02
1.302002636435539102e+02 1.500787360935887023e+02 1.229279620853080530e+02
1.728972664852960293e+02 1.262934480476505570e+02 1.581432506887052227e+02
1.756318421287614910e+02 1.695176539589442939e+02 1.302251273344651850e+02
1.856245698195849343e+02 1.915776070252469765e+02 1.315038188043191951e+02
1.806962443252166679e+02 1.291864064602960980e+02 1.523569131832797439e+02
1.738696765119549923e+02 1.273814380969544118e+02 1.663160240143591011e+02
1.668798698722526410e+02 1.322791616038882125e+02 1.519338624338624300e+02
1.670057956062628932e+02 1.335211767399267444e+02 1.261668056713928223e+02
1.644800302404484569e+02 1.343938325446166289e+02 1.542065873235538334e+02
1.806559770401796925e+02 1.286925522252497842e+02 1.477479452054794535e+02
1.586790952590552308e+02 1.288282438806072889e+02 1.620561415447430988e+02
1.237812500000000000e+02 1.854927515221803560e+02 1.518208955223880707e+02
1.997850653667183565e+02 1.916173483392808237e+02 1.225239894219871530e+02
1.723592006584964338e+02 1.358380867498514419e+02 1.246108108108108041e+02
1.985000000000000000e+02 2.004203883495145533e+02 1.300811455847255331e+02
1.464596779863601341e+02 1.581684959952536360e+02 1.567900684931506987e+02
1.903364076308037625e+02 1.267748981537661450e+02 1.815185293259410457e+02
1.747322737068965637e+02 1.307239822652156249e+02 1.703978334934917314e+02
1.997189013585351347e+02 1.366199656188605047e+02 1.906419480519480487e+02
1.896028674832962224e+02 1.265730550284630027e+02 1.572717842323651496e+02
1.722282333051563796e+02 1.327290533188248105e+02 1.584902186421173838e+02
1.608491992882562158e+02 1.536918528252299723e+02 1.304535714285714221e+02
1.769515624999999943e+02 1.471787310098302157e+02 1.576894977168949765e+02
1.669511105270075007e+02 1.356420697412823415e+02 1.672371896460644507e+02
1.887200427578834763e+02 1.808913686702172754e+02 1.262568013558112625e+02
1.309419394688079024e+02 1.271834862385321117e+02 1.284080882352941160e+02
1.461617681362257883e+02 1.283165593129361355e+02 1.511993792491871034e+02
1.927645659035118513e+02 1.406148119122257185e+02 1.351123890897140711e+02
1.849649142556943957e+02 1.291536529680365391e+02 1.259536132812500000e+02
1.273964662120272777e+02 1.276136752136752079e+02 1.303064516129032313e+02
1.247547683923705790e+02 1.925601527689369732e+02 1.348226600985221637e+02
1.071888068880688820e+02 1.145995717344753757e+02 1.087402088772846014e+02
1.671795835743204179e+02 1.309486887115165246e+02 1.449393305439330675e+02
1.978509820666097312e+02 1.279032258064516157e+02 1.530128617363344006e+02
1.660629213483146032e+02 1.276150585199520719e+02 1.269454545454545524e+02
1.835048504446240827e+02 1.291260210035005969e+02 1.317514220705346872e+02
1.329477051607445333e+02 1.475916275096112713e+02 1.308174962292609393e+02
1.569917923463629847e+02 1.318413986284168971e+02 1.254790613718411549e+02
1.278727272727272748e+02 1.848608205953338768e+02 1.804771084337349407e+02
1.792229442079318744e+02 1.223613114754098348e+02 1.504433333333333280e+02
1.804469510045823029e+02 1.212749244712990873e+02 1.435342857142857156e+02
1.803752088205813493e+02 1.220916289592760222e+02 1.515472222222222172e+02
1.753842696629213549e+02 1.211039861351819695e+02 1.422576687116564358e+02
1.755374398661367934e+02 1.720952770394602283e+02 1.213656668793873621e+02
1.795667461263408882e+02 1.258576709796672759e+02 1.537686832740213561e+02
1.656992242595204630e+02 1.583015397775876920e+02 1.284056731202161075e+02
1.679828214471629337e+02 1.346508287292817556e+02 1.528776041666666572e+02
1.994895945076164026e+02 1.317826014452473657e+02 1.589014186977082659e+02
1.741587293826194696e+02 1.332736802695619645e+02 1.261976987447698804e+02
1.519478454172366639e+02 1.542595639246779058e+02 1.270579745596868833e+02
1.624693084693084586e+02 1.291627384960718246e+02 1.435115452930728281e+02
1.693398864442867193e+02 1.293481926171924954e+02 1.531518918918918928e+02
1.647937884281885488e+02 1.687848725678267954e+02 1.246209628275441759e+02
1.549689803663966075e+02 1.317047038327526138e+02 1.278469387755102105e+02
1.912851929669357389e+02 1.321524777636594763e+02 1.416395604395604266e+02
1.308993740972556452e+02 1.216358245692548650e+02 1.239316139116842521e+02
1.204475051975051940e+02 1.202982049797336401e+02 1.183413897280966722e+02
1.877252139800285420e+02 1.308996839128264753e+02 1.731084117032392840e+02
1.632584330671251678e+02 1.335928633468442399e+02 1.307815789473684163e+02
1.753782126856873447e+02 1.251014492753623131e+02 1.370302457466918611e+02
1.499492624050066922e+02 1.518872912801484176e+02 1.282435040831477409e+02
1.604365418049628715e+02 1.313823070927513754e+02 1.343073308270676591e+02
1.542667627974044819e+02 1.235243478260869523e+02 1.297058159232072398e+02
1.614940360893057516e+02 1.221796300988092270e+02 1.698908571428571292e+02
1.280000000000000000e+02 1.280000000000000000e+02 1.280000000000000000e+02
1.802010784595258599e+02 1.276289656561587265e+02 1.384800995024875760e+02
1.884406735266604187e+02 1.270565812983919045e+02 1.504872944693572379e+02
1.738849560645093106e+02 1.523110318009907758e+02 1.404750697674418518e+02
1.796190446319355090e+02 1.288716166403370096e+02 1.402987886944818285e+02
1.849845211222186379e+02 1.287007007007007076e+02 1.780929264909847518e+02
1.588360864040660658e+02 1.324172099087353445e+02 1.313709677419354875e+02
1.691384913375659096e+02 1.320857632933104640e+02 1.252326685660019052e+02
1.981320330292149379e+02 1.268594592318059284e+02 1.501198489010988908e+02
1.794165895490159812e+02 1.392845508982036051e+02 1.355576131687242878e+02
1.818070135228054198e+02 1.266605944391179293e+02 1.453883495145631173e+02
1.737140913214393834e+02 1.633449197860962556e+02 1.315259859933652820e+02
1.506890768348623908e+02 1.322774607703281049e+02 1.229000000000000057e+02
1.961540343211398181e+02 1.272461746784021699e+02 1.240573572768694675e+02
1.284120067327473294e+02 1.763724755782760667e+02 1.810794348996066958e+02
1.446274193548387075e+02 1.457808667211774321e+02 1.373487940630797652e+02
1.980224485946047821e+02 1.289980635166537581e+02 1.534089147286821628e+02
1.677031611807687739e+02 1.283980498996271820e+02 1.269993950393224509e+02
1.950315061475409948e+02 2.010599458728010802e+02 1.277859902570132675e+02
1.312012686665785566e+02 1.296746706686676589e+02 1.330650021523891553e+02
1.799846001372264936e+02 1.838858508889885002e+02 1.584021339220014681e+02
1.788543094559349811e+02 1.238006825938566493e+02 1.176082709215239390e+02
1.510190268247036727e+02 1.278837142857142908e+02 1.315418848167539352e+02
1.272724055616048275e+02 1.603333259843908536e+02 1.279621538889661849e+02
1.590399897330595422e+02 1.277463371965886694e+02 1.325897079276773241e+02
1.844748911465892718e+02 1.296232508073196925e+02 1.612406015037593932e+02
1.686764705882353041e+02 1.307397660818713518e+02 1.676646525679758213e+02
1.728812680115273679e+02 1.716573275862068897e+02 1.301851851851851904e+02
1.699916399857701776e+02 1.289020797227036326e+02 1.432168458781362119e+02
1.636463632750397323e+02 1.259296089385474886e+02 1.231543739279588294e+02
1.499846663903853994e+02 1.443265306122449090e+02 1.228056426332288424e+02
1.282863554757630027e+02 1.254724334600760471e+02 1.290301810865191214e+02
1.593194985859512371e+02 1.568809164149043340e+02 1.254669042220062636e+02
1.280000000000000000e+02 1.280000000000000000e+02 1.280000000000000000e+02
1.834210292812777254e+02 1.368449144008056351e+02 1.808471760797342256e+02
1.585680663278951670e+02 1.303470639789658208e+02 1.398063725490196134e+02
2.034511831647398878e+02 1.265183714840780453e+02 1.364780587038651447e+02
1.921574328749181291e+02 1.323738342659206069e+02 1.585644943820224739e+02
1.959382890365448588e+02 1.288120985010706647e+02 1.623850387790843115e+02
1.809611224788073685e+02 1.277888460189407169e+02 1.472428571428571331e+02
1.792794209368742315e+02 1.268260153677277771e+02 1.379465240641711148e+02
1.280000000000000000e+02 1.280000000000000000e+02 1.280000000000000000e+02
1.843664085188770514e+02 1.708004956629492028e+02 1.333229813664596293e+02
1.518815382546725914e+02 1.235287289611143393e+02 1.340531437125748369e+02
1.808042796532005241e+02 1.439334358991145564e+02 1.707701787821036419e+02
1.824408258833546199e+02 1.795242155525238843e+02 1.595327160493827137e+02
1.566462663035688649e+02 1.556616831072749676e+02 1.259257075471698073e+02
1.749986641731231600e+02 1.266989026063100141e+02 1.346385224274406198e+02
1.370976925382079799e+02 1.937874945343244519e+02 1.295768115942028942e+02
1.898736678883563513e+02 1.323859121560051051e+02 1.234858870967741922e+02
1.608055363321799405e+02 1.257690839694656546e+02 1.587031662269129413e+02
1.633136625744047592e+02 1.271515799868334398e+02 1.241437308868501503e+02
1.760967600134460724e+02 1.260034144799241176e+02 1.580109890109890216e+02
1.993219793178519694e+02 1.788043423057389418e+02 1.214614654517843633e+02
1.690339564397187360e+02 1.773276896699528606e+02 1.309308466051969901e+02
1.630277964581932224e+02 1.285329780146568908e+02 1.514133738601823609e+02
1.566000322684737114e+02 1.550074158585282476e+02 1.565262183837137684e+02
1.607556530080855168e+02 1.579202453987730053e+02 1.277549585739392484e+02
1.622335414720487847e+02 1.942132022906670841e+02 1.300495641100989417e+02
1.743458164974869362e+02 1.287363208715028406e+02 1.437319109461966491e+02
1.756202185066057098e+02 1.276442723342939445e+02 1.483692274952117600e+02
2.023271176258560615e+02 1.287687681459975124e+02 1.912080285459411186e+02
1.556334298118668471e+02 1.578495773676039278e+02 1.291186440677966232e+02
1.910280730934346138e+02 1.244845951629863237e+02 1.575196451204055847e+02
1.820861995753715519e+02 1.305221153846153754e+02 1.673029953917050818e+02
1.668988129108211638e+02 1.280323467064457930e+02 1.548723516949152668e+02
1.799938778557562955e+02 1.839052361066495394e+02 1.312773986350863140e+02
1.736128556726837928e+02 1.343581681910569046e+02 1.396704386374241835e+02
8.235904207430526469e+01 1.642768638896259006e+02 1.255285079460721533e+02
1.558095203698352975e+02 1.675409564624525274e+02 1.318810545677498567e+02
1.997761506276150669e+02 1.281363636363636260e+02 1.716420118343195327e+02
1.813901909226020450e+02 1.277860000000000014e+02 1.664477167438782317e+02
1.868617256637168111e+02 1.306728376327769467e+02 1.566688204108681362e+02
1.486939036991113881e+02 1.501125948321715384e+02 1.242066826730692242e+02
1.463918156570040026e+02 1.258419614147910011e+02 1.166493506493506516e+02
1.503106294289287064e+02 1.495585378590078278e+02 1.256394716765210688e+02
1.562274509803921489e+02 1.586760339342523878e+02 1.178887841658812476e+02
1.578697936210131445e+02 1.313251618871415474e+02 1.596165211551376899e+02
1.461616161616161662e+02 1.453773103887826608e+02 1.209991347609777250e+02
1.538286985539488398e+02 1.279872646733111878e+02 1.487715289982425304e+02
1.276272451302807980e+02 1.326379918588873750e+02 1.329540960451977298e+02
1.704403487304986129e+02 1.287306380905991148e+02 1.621152454780361722e+02
1.725397897897897792e+02 1.296346590909090821e+02 1.271896551724137936e+02
1.549912463526469253e+02 1.338874635568513156e+02 1.163794212218649449e+02
1.839815273989586046e+02 1.594077739145939177e+02 1.228415361670395214e+02
1.622400683468603120e+02 1.464833746898262916e+02 1.277934131736526950e+02
1.760954732510288068e+02 1.649109414758269736e+02 1.489408866995073879e+02
1.837725832716506318e+02 1.213657158055721794e+02 1.565703461339762441e+02
1.825748697916666572e+02 1.309056910569105696e+02 1.674989690721649538e+02
2.008382969671184526e+02 1.281592448183870374e+02 1.540626539950721678e+02
1.621429559603412542e+02 1.252300556586270801e+02 1.456374745417515157e+02
1.629121998883305480e+02 1.295392535392535365e+02 1.586938775510204209e+02
1.297293089319857984e+02 1.313803571428571502e+02 1.301391304347826008e+02
1.690826095738234756e+02 1.607556592765460834e+02 1.370743444174101171e+02
1.986663970885564083e+02 1.344535573122529684e+02 1.691850789096126277e+02
1.708963769570453621e+02 1.284546474358974422e+02 1.219118564742589683e+02
1.754642953467341329e+02 1.307103885908674670e+02 1.327355880985588215e+02
1.274502717391304287e+02 1.274419191919191974e+02 1.270194552529182914e+02
1.238813476562500000e+02 1.229753086419753032e+02 1.371080074487895786e+02
1.697921714818266423e+02 1.240127118644067821e+02 1.677715827338129486e+02
1.714668516805427032e+02 1.257806691449814167e+02 1.433824451410658298e+02
1.481635579342573124e+02 1.380956315902732854e+02 1.277933575893273570e+02
1.932697644744537229e+02 1.263743446347430961e+02 1.541503667481662490e+02
1.708215169930227262e+02 1.313873281530185295e+02 1.680953150242326330e+02
2.050495780590717345e+02 1.274568261376896174e+02 1.691597796143250605e+02
1.696032640949554775e+02 1.154444444444444429e+02 1.506198630136986196e+02
1.633987240829346206e+02 1.243668168566127719e+02 1.484861618004866273e+02
1.912627276823067461e+02 1.282356125927411199e+02 1.464831541218638051e+02
1.573018487394957958e+02 1.216101468624833046e+02 1.364947368421052545e+02
1.732684516880093213e+02 1.410335839598997438e+02 1.539388560157790948e+02
1.801616449839596328e+02 1.265405015487758362e+02 1.657250086775425189e+02
1.574580936729662994e+02 1.281830110497237456e+02 1.263552631578947398e+02
1.791166147534756590e+02 1.317622259696458684e+02 1.807921348314606860e+02
1.877142422398052304e+02 1.391314410480349295e+02 1.263101351351351411e+02
1.877618191161356549e+02 1.370722843976300283e+02 1.687269129287599014e+02
1.766137769247174276e+02 1.299920318725099548e+02 1.865132978723404165e+02
1.681557285873192313e+02 1.262187500000000000e+02 1.395987394957983270e+02
1.280000000000000000e+02 1.280000000000000000e+02 1.280000000000000000e+02
1.786163030053519947e+02 1.648831041257367360e+02 1.268067393458870100e+02
1.241715976331360878e+02 1.221869002920317087e+02 1.141977587343441058e+02
2.077181467181467269e+02 1.312584447970981500e+02 1.271863013698630169e+02
1.492977535928561394e+02 1.559661962931760684e+02 1.297054803522144937e+02
1.268822384428223842e+02 1.679027921406411679e+02 1.224468085106382915e+02
1.855483421134180446e+02 1.236108934900205156e+02 1.424335378323108330e+02
1.763380035026269752e+02 1.427288629737609256e+02 1.623864615384615320e+02
1.455898705255141010e+02 1.312962399478374209e+02 1.682886029411764639e+02
1.975692275606767510e+02 1.314900653923541256e+02 1.870975929640487720e+02
1.554129558451298294e+02 1.280108596459207888e+02 1.216912487708947879e+02
1.570699573863636260e+02 1.545207956600361570e+02 1.281528709917971582e+02
1.770803418803418765e+02 1.664164919636617697e+02 1.227556818181818130e+02
1.739453158117846669e+02 1.355031512605042110e+02 1.410498220640569400e+02
1.902130635322124590e+02 1.244662100456620948e+02 1.457826887661141768e+02
1.935235028662031880e+02 1.842058356155120578e+02 1.445600912888085077e+02
1.870620289053315730e+02 1.765435031482541604e+02 1.272537623248572913e+02
1.956753564154786034e+02 1.788033946251767929e+02 1.269627705627705581e+02
1.292110206637445344e+02 1.836129458388375042e+02 1.514439834024896356e+02
1.766261447821268291e+02 1.207248495270851265e+02 1.167869062901155388e+02
1.926953753753753631e+02 1.279279228149829777e+02 1.545201612903225907e+02
1.924041567764719503e+02 1.308256060606060487e+02 1.264755854056997606e+02
1.501831979287563570e+02 1.479524910118130379e+02 1.280483219607297087e+02
1.696405704187728816e+02 1.729600035631569597e+02 1.281840617935192199e+02
1.878045375218150070e+02 1.368783068783068870e+02 1.320310810810810835e+02
1.986190873346836554e+02 1.276911764705882320e+02 1.512735949098621404e+02
1.144711040255081684e+02 1.243355614973261964e+02 1.171165501165501155e+02
1.985551563061444540e+02 1.299853556485355739e+02 1.642426778242677869e+02
1.837769260252970582e+02 1.270029791459781592e+02 1.803183279742765137e+02
1.754543926019335913e+02 1.260049342105263150e+02 1.672675159235668900e+02
1.814795933965148151e+02 1.279824046920821132e+02 1.374142521534847390e+02
1.599846694873344575e+02 1.576179292300024883e+02 1.278132676269901395e+02
1.894131665880132118e+02 1.317934251443802793e+02 1.270834292289988525e+02
1.895356362413851059e+02 1.294350949204720393e+02 1.739263977353149357e+02
1.886644952217188518e+02 1.691913788056206158e+02 1.295859481582537569e+02
1.886015989340439774e+02 1.357090909090909179e+02 1.299187898089172108e+02
1.636879343826655884e+02 1.338552684055196664e+02 1.229433614330874605e+02
1.681382543470849100e+02 1.439283456269757551e+02 1.293055295220243579e+02
1.836889552238805834e+02 1.835508130081300919e+02 1.268883357041251827e+02
1.700819919517102505e+02 1.696257995735607551e+02 1.390526315789473699e+02
1.729601148030890272e+02 1.331394873193346200e+02 1.723839266979086631e+02
1.673561046511627808e+02 1.378888888888888857e+02 1.291617647058823479e+02
1.976787463787200352e+02 1.293327208819300154e+02 1.952294815159265227e+02
1.619309358873029794e+02 1.278617929279541983e+02 1.639869299221357153e+02
1.278264020163831134e+02 1.774163459361557500e+02 1.279735576923076934e+02
1.986337550138846098e+02 1.220558404558404533e+02 1.566311605723370519e+02
1.641675699428738824e+02 1.285704898446833795e+02 1.395296610169491487e+02
1.702072856221792279e+02 1.404470734744707272e+02 1.264842931937172779e+02
1.585243229367218589e+02 1.240457715780296439e+02 1.259852941176470580e+02
1.568785459327446858e+02 1.650823878155984801e+02 1.313868141039015143e+02
1.654542805916629220e+02 1.621587340529931396e+02 1.276543096672779711e+02
1.329345524542829651e+02 1.316019417475728233e+02 1.318750000000000000e+02
1.264101392515230629e+02 1.448218200356869829e+02 1.276993464052287521e+02
1.865864753472752113e+02 1.789277864992150739e+02 1.236437262357414397e+02
1.393050162192656671e+02 1.226662879570336742e+02 1.388666666666666742e+02
1.519323173205076216e+02 1.448747670518076802e+02 1.371803418803418708e+02
1.711306916738941766e+02 1.640288419391601735e+02 1.280756648374841689e+02
1.491148500781582982e+02 1.242466810895859908e+02 1.469171861771723115e+02
1.988170791673496183e+02 1.260538513974096730e+02 1.314006514657980347e+02
1.273839854413102870e+02 1.743410283315844822e+02 1.324672021419009411e+02
1.506902074990899223e+02 1.794753246753246856e+02 1.310393258426966270e+02
1.522122146822948707e+02 1.525813044785091677e+02 1.323157377049180354e+02
1.373401822404859729e+02 1.292289770658900636e+02 1.334786885245901544e+02
1.631193433895297176e+02 1.271653333333333364e+02 1.408244274809160288e+02
1.776319745699326802e+02 1.289848959498769432e+02 1.657522292993630515e+02
1.627460925240097822e+02 1.274832821254292412e+02 1.235057471264367877e+02
1.919363122007833908e+02 1.288414529914529965e+02 1.240448179271708682e+02
1.609439261813019755e+02 7.739354674796747702e+01 1.684534098582039121e+02
1.771223814773980223e+02 1.339858906525573161e+02 1.331351351351351298e+02
2.063322752752076781e+02 1.265408100644369398e+02 1.955451531893520780e+02
2.087606960719430162e+02 1.778367413977170202e+02 2.102886267204801811e+02
1.935558060879368725e+02 1.859890510948904989e+02 1.266961165048543734e+02
1.729646320593268740e+02 1.240228136882129348e+02 1.859626865671641838e+02
1.569781526548672446e+02 1.315540540540540633e+02 1.455748502994011915e+02
1.297577264653641294e+02 1.311803278688524586e+02 1.271456310679611619e+02
1.818297436560808933e+02 1.192160125399409196e+02 1.621523224043715743e+02
1.281646963997850719e+02 1.270414269275028829e+02 1.258597785977859758e+02
1.517660513318759570e+02 1.282194499965538625e+02 1.510888695903893506e+02
1.421656777727065162e+02 1.369117082533589382e+02 1.489484777517564282e+02
1.892618562304660941e+02 1.247383548067393519e+02 1.412859216255442618e+02
1.351165360570573171e+02 1.299008498583569349e+02 1.281391694725028003e+02
1.886616052060737445e+02 1.785550935550935492e+02 1.284860139860139725e+02
1.500989066870073714e+02 1.281428571428571388e+02 1.219969512195121979e+02
1.703785802980132473e+02 1.532131364166342848e+02 1.442499631757254406e+02
1.720600838907153332e+02 1.467161837276983363e+02 1.378111501757910560e+02
1.280000000000000000e+02 1.280000000000000000e+02 1.280000000000000000e+02
1.859014975743513958e+02 1.305408031088082907e+02 1.418797979797979849e+02
1.576314140948871625e+02 1.622790543106722509e+02 1.153922276798613069e+02
1.669662443176322597e+02 1.292161460932042587e+02 1.657320405464962505e+02
1.621690189807411571e+02 1.274409354110784705e+02 1.729977118328396273e+02
1.628409337497945160e+02 1.299517474395523209e+02 1.303515789473684094e+02
1.583142761431522558e+02 1.252851277840500899e+02 1.483601113967437755e+02
1.717593273193005814e+02 1.336268521318415594e+02 1.575894039735099454e+02
1.830805734058329222e+02 1.283950617283950635e+02 1.211105072463768124e+02
1.545074010816965426e+02 1.268991466252909248e+02 1.169000000000000057e+02
1.487094972067039009e+02 1.460309003729355481e+02 1.597795318454001006e+02
1.722574765024209569e+02 1.298926886792452819e+02 1.530932286555446638e+02
1.519224268689057453e+02 1.327347542924807442e+02 1.253821456538762789e+02
1.912721729490022256e+02 1.263619047619047677e+02 1.288358208955223745e+02
2.017710018668326200e+02 1.277161016949152526e+02 1.614778947368421029e+02
1.458195337620578869e+02 1.487501154734410989e+02 1.254077079107505028e+02
1.914897602560752432e+02 1.381533453556255040e+02 1.592984804630969506e+02
1.869327193349679987e+02 1.305802241927388252e+02 1.278955974842767347e+02
1.595313477662370190e+02 1.597000558555203895e+02 1.273019753086419712e+02
1.519086587569733524e+02 1.554805922368947506e+02 1.529821632272114584e+02
1.536925948973241987e+02 1.566202531645569707e+02 1.562379421221864959e+02
1.462659176029962680e+02 1.554034620505991882e+02 1.546726618705035889e+02
1.847910090865614450e+02 1.271346153846153868e+02 1.404208754208754328e+02
1.614611290130087013e+02 1.308482783197469814e+02 1.614654118560201823e+02
1.685466483516483436e+02 1.262422916386158676e+02 1.597014529642592038e+02
1.666824660481376839e+02 1.650363998010939781e+02 1.636985441767068323e+02
1.717046653624992700e+02 1.756901903815276285e+02 1.339151559692961087e+02
1.621872812135355844e+02 1.573435194942044291e+02 1.236299840510366863e+02
1.705092250922509152e+02 1.294850374064837979e+02 1.501971326164874654e+02
1.630215249908792430e+02 1.238762836185819083e+02 1.391996086105675090e+02
1.817380248373743257e+02 1.304935483870967801e+02 1.653120567375886480e+02
1.759175485008818214e+02 1.760108447488584602e+02 1.292205491585473851e+02
1.461698366394398931e+02 1.385948630136986424e+02 1.337345928924876262e+02
1.477159981011155878e+02 1.462136902150065794e+02 1.280413401253918551e+02
1.703583590293605141e+02 1.282189586114819804e+02 1.346743119266054975e+02
1.746293663060278334e+02 1.252011041009463668e+02 1.352348242811501677e+02
1.669629538763493599e+02 1.280433145009416194e+02 1.375318287037036953e+02
1.887037351443123896e+02 1.291486784140969064e+02 1.746190803019903797e+02
1.963738154445863415e+02 1.272413759116893317e+02 1.847138635487601164e+02
1.913489274303970831e+02 1.317789921068609544e+02 1.335208333333333428e+02
1.581212611799676324e+02 1.280892489923500932e+02 1.282230483271375476e+02
1.306552631578947228e+02 1.622711538461538510e+02 1.683928571428571388e+02
1.671250000000000000e+02 1.917228974630883442e+02 1.293564422277639210e+02
1.664417484081913585e+02 1.330755395683453344e+02 1.486812500000000057e+02
1.721590897503441511e+02 1.704234890109890159e+02 1.284955725536003683e+02
1.621914561895852955e+02 1.315478723404255277e+02 1.295138888888888857e+02
1.600634118967452366e+02 1.600442655935613629e+02 1.283382433169667252e+02
1.569712518195050848e+02 1.369404494382022506e+02 1.301176470588235361e+02
1.812055292259083785e+02 1.268296160877513756e+02 1.464981729598051174e+02
1.486315481245058834e+02 1.281159363716209612e+02 1.275222993062438093e+02
1.737488011803762333e+02 1.298428093645484864e+02 1.468978978978979058e+02
1.941021829798562521e+02 1.931831592320722848e+02 1.282364760432766673e+02
1.526381070983810844e+02 1.286044547661775539e+02 1.529388910581803884e+02
1.778792877287335159e+02 1.719488712503865600e+02 1.293475804610819466e+02
1.632850948509484965e+02 1.529320261437908357e+02 1.321830020562028665e+02
1.902835550494332040e+02 1.854919612247310567e+02 1.313735858984477716e+02
1.649249308926000879e+02 1.262997906265099033e+02 1.249316956261234282e+02
1.693963119709794398e+02 1.359976865240023187e+02 1.464422554347825951e+02
1.832544352009622060e+02 1.281770639354438117e+02 1.323920788326700801e+02
1.816079766147439329e+02 1.296419316843345086e+02 1.312360703812316842e+02
1.709011335012594373e+02 1.333164282618118648e+02 1.299463318562284542e+02
1.342005714285714362e+02 1.330098452883262894e+02 1.297084265473527296e+02
1.733447922011287972e+02 1.300830564784053252e+02 1.307306666666666786e+02
1.297568192469926487e+02 1.272206639566395694e+02 1.336264880952381020e+02
1.983198979591836633e+02 1.285894160583941641e+02 1.530991253644315009e+02
1.712012999187550690e+02 1.292678285256410220e+02 1.191212121212121247e+02
1.480449987430518775e+02 1.297593929450369217e+02 1.240418719211822633e+02
2.013016431924882568e+02 1.275746000652954564e+02 1.346023622047244146e+02
1.546260048231511348e+02 1.238459645669291405e+02 1.353202005730659039e+02
2.053440975245677294e+02 1.744776052885686681e+02 1.266494862175827762e+02
1.746404283958565031e+02 1.244981957121630245e+02 1.414784017278617796e+02
1.264780412515785031e+02 1.395708108108107979e+02 1.266781914893617085e+02
1.677988632326820664e+02 1.328558400561206554e+02 1.320198932557011062e+02
1.280000000000000000e+02 1.280000000000000000e+02 1.280000000000000000e+02
1.767844036697247816e+02 1.294598070739549769e+02 1.451146496815286753e+02
1.872636670416198115e+02 1.328146304098046642e+02 1.674047109207708672e+02
1.237978207201838785e+02 1.834605528652138844e+02 1.816562468283771352e+02
1.633306081864884334e+02 1.390846830761382478e+02 1.315755813953488484e+02
1.748066327895159020e+02 1.859444893559687557e+02 1.273990321161460599e+02
1.698564315352697065e+02 1.651875000000000000e+02 1.322771822358346014e+02
1.594875909285408682e+02 1.271678614097968989e+02 1.345608308605341108e+02
1.545142665720816524e+02 1.233256578947368354e+02 1.222987669933607293e+02
1.608774121497026215e+02 1.684786751659328274e+02 1.265075491840780870e+02
1.538983283091257874e+02 1.531943244910549140e+02 1.278466334164588574e+02
1.849184348619666878e+02 1.289792141951837721e+02 1.745597334602570072e+02
1.807429501084598655e+02 1.301738775510204107e+02 1.251604010025062621e+02
1.725313542361574264e+02 1.663479295573536376e+02 1.332836979534227169e+02
1.602121484410099868e+02 1.281994115724092751e+02 1.556661514683152916e+02
1.684794197031039005e+02 1.293288590604026922e+02 1.411303744798890420e+02
1.722034786882560127e+02 1.239299360304287632e+02 1.630375939849623990e+02
1.706848812095032315e+02 1.286895761741122612e+02 1.590831353919240030e+02
1.331066549140590496e+02 1.387850304612706793e+02 1.304954128440367072e+02
1.539958123953098834e+02 1.523184504267892407e+02 1.281111111111111143e+02
1.291928350287483624e+02 1.265040411462160108e+02 1.239030837004405328e+02
1.800016158818097836e+02 1.293716599190283318e+02 1.439798657718120865e+02
1.208621030990634324e+02 1.659612800094727731e+02 1.245434911242603562e+02
1.380991673310302019e+02 1.308154358562076425e+02 1.330876294796999559e+02
1.280000000000000000e+02 1.280000000000000000e+02 1.280000000000000000e+02
1.693826768649079781e+02 1.668047711180635702e+02 1.302762913415087382e+02
1.654512995854639996e+02 1.267962752785802678e+02 1.228596685082872995e+02
1.665286982248520644e+02 1.287843208092485554e+02 1.653709183673469454e+02
1.877290969899665640e+02 1.273002729754322075e+02 1.599265536723163734e+02
1.280000000000000000e+02 1.280000000000000000e+02 1.280000000000000000e+02
1.571125025153630759e+02 1.881187510663709190e+02 1.367867853023562361e+02
1.365041347317466602e+02 1.211986013986013972e+02 1.260189573459715575e+02
1.291002556856412298e+02 1.290073752711496695e+02 1.296488027366020503e+02
1.963665175242356327e+02 1.298202567760342276e+02 1.534458598726114644e+02
2.080426581543818827e+02 1.277595197255574675e+02 1.617106812447434834e+02
1.772823108258239699e+02 1.280937279774489070e+02 1.495148648648648759e+02
1.193824626865671661e+02 1.206353887399463787e+02 1.136938775510204067e+02
1.597566630552545917e+02 1.259046563192904671e+02 1.517089397089397096e+02
1.771415166602834290e+02 1.397373333333333392e+02 1.706090604026845767e+02
1.590445404407909962e+02 1.280815177478580154e+02 1.269790209790209730e+02
1.224435846323374619e+02 1.233644578313252964e+02 1.867146898363305638e+02
1.969514323657749912e+02 1.304280155642023260e+02 1.839105928085519963e+02
1.635723944439334048e+02 1.348644232467761981e+02 1.492584313725490119e+02
1.589785033335410276e+02 1.360049534674271854e+02 1.281979485333813216e+02
1.590342210836676600e+02 1.284600025435584314e+02 1.277521815008725952e+02
1.905168867055572548e+02 1.890268092105263236e+02 1.274863576158940361e+02
2.002273603082851707e+02 1.278980454305335428e+02 1.747881230116649078e+02
1.922569521690767544e+02 1.862563549530118507e+02 1.301308145883380689e+02
1.470789516843244655e+02 1.290406989853438517e+02 1.263573883161512015e+02
1.813350212601469025e+02 1.312344440934933516e+02 1.300569196428571388e+02
1.729845050215208175e+02 1.289472817133443243e+02 1.523378891419893648e+02
1.914413256679066535e+02 1.878087774294670851e+02 1.295332005312085073e+02
1.280000000000000000e+02 1.280000000000000000e+02 1.280000000000000000e+02
1.727125577602609496e+02 1.304429292929293069e+02 1.270024630541871886e+02
2.033476490188818957e+02 1.969110242162310556e+02 1.286602551325493380e+02
1.464050597565062048e+02 1.297987544483985971e+02 1.280436241610738364e+02
1.653024015369836661e+02 1.397316912539515386e+02 1.277517487508922187e+02
1.927288801571709200e+02 1.304112903225806406e+02 1.471843817787418516e+02
1.809685830305620868e+02 1.245708006279434841e+02 1.294119402985074601e+02
1.739395796847635722e+02 1.387996530789245355e+02 1.527417763157894797e+02
1.861987577639751521e+02 1.769303350970017732e+02 1.445668103448275872e+02
1.738183009170613786e+02 1.380531932632983114e+02 1.396370235934664379e+02
1.286514687535442931e+02 1.334055798064148917e+02 1.402249527410207861e+02
1.698265961095595173e+02 1.513322147651006730e+02 1.464210526315789593e+02
1.873901263478923909e+02 1.318180196253345287e+02 1.261158885403210945e+02
1.850751784964300839e+02 1.674947515745276405e+02 1.296362023070097678e+02
1.713030358337896075e+02 1.669495623176323420e+02 1.246194858311422706e+02
1.905562374916611077e+02 1.263173515981735164e+02 1.330431211498973312e+02
1.680049477735019252e+02 1.414820717131474055e+02 1.573760129659643496e+02
1.730932716763005885e+02 1.785981651376146715e+02 1.279818526346476233e+02
1.540524336283185960e+02 1.561447333154650323e+02 1.301539624271215700e+02
1.510003828483920358e+02 1.297115850702859916e+02 1.274363636363636374e+02
1.276487408980582501e+02 1.768569850441876383e+02 1.289522952295229459e+02
1.457377967457988746e+02 1.414088669950738790e+02 1.394117647058823479e+02
1.604056770250494992e+02 1.281690948491415156e+02 1.447471344216741898e+02
1.661414739107046898e+02 1.252940038684719468e+02 1.410829875518672338e+02
1.833219906260717096e+02 1.283407875546913033e+02 1.330071630851240911e+02
1.916219712207953023e+02 1.809277429106562067e+02 1.325618101017823847e+02
1.621878690592214696e+02 1.682771006224066355e+02 1.293722881110789729e+02
1.725176328917942499e+02 1.253020833333333286e+02 1.478825622775800639e+02
1.687011946591707670e+02 1.275006903958269362e+02 1.343176566314076581e+02
1.687741486980087302e+02 1.228797059478725799e+02 1.329869865799105355e+02
1.922897800776196675e+02 1.275331712896768721e+02 1.849634570765661294e+02
1.462627986348122988e+02 1.295537043601559617e+02 1.521815181518151689e+02
1.277481203007518786e+02 1.331773700305810451e+02 1.469572649572649539e+02
1.961422427952814758e+02 1.206327339225845776e+02 1.604732718894009338e+02
1.651213160129588289e+02 1.721850643382352928e+02 1.274139597734005491e+02
1.272479393888935135e+02 1.282104095815466565e+02 1.284678571428571558e+02
1.997376725838264235e+02 1.285837937384898737e+02 1.555409429280396978e+02
1.507886290692343039e+02 1.309816933638443857e+02 1.342787878787878810e+02
1.891228263593084478e+02 1.841090524086818334e+02 1.302938300349243264e+02
1.415938893355748860e+02 1.271606393606393652e+02 1.252566225165562912e+02
1.972110686453779920e+02 1.257929173762284876e+02 1.919730672525879527e+02
1.327388688946015520e+02 1.655429343726426907e+02 1.388198215861190192e+02
1.567540463344969908e+02 1.305701823949246716e+02 1.503835360149672624e+02
1.475828909449415960e+02 1.493601890401710364e+02 1.369829914080308697e+02
1.616714191914454659e+02 1.252000000000000028e+02 1.235846994535519059e+02
1.794805876180482755e+02 1.821166180758017390e+02 1.260799999999999983e+02
1.866386659979939679e+02 1.826438547486033599e+02 1.304829639431028738e+02
1.603762009542275848e+02 1.401845814977973532e+02 1.353292365870952381e+02
1.602648499957018942e+02 1.585987426540932006e+02 1.282465989053948476e+02
1.554488015832294820e+02 1.271413769283905140e+02 1.355196451204055847e+02
1.430757000474608560e+02 1.307979706877113983e+02 1.373285893679363880e+02
1.268154155021060490e+02 1.334631764631764668e+02 1.209155629139072801e+02
1.706669906687402829e+02 1.298267247639796551e+02 1.697880746071376166e+02
1.283670142634543936e+02 1.291432989690721627e+02 1.289901960784313815e+02
1.250068376068376068e+02 1.260501165501165559e+02 1.273757961783439470e+02
1.743539396053128598e+02 1.246468599442143557e+02 1.377211238293444353e+02
1.366526442307692264e+02 1.327006726457399282e+02 1.355042372881355845e+02
1.644518518518518420e+02 1.627033371691599655e+02 1.298734734450440271e+02
1.891550906691431635e+02 1.834403910026192932e+02 1.150487351905219384e+02
1.566287335261264104e+02 1.306551522628400619e+02 1.910166177908113525e+02
1.542137129625659213e+02 1.321339502602660616e+02 1.641062477297493558e+02
1.422703662597114374e+02 1.447126269956458771e+02 1.281935346660995378e+02
1.595122349102773285e+02 1.235497832085139862e+02 1.718922307818390323e+02
1.843544540143347490e+02 1.302994066636239268e+02 1.462101661779081212e+02
1.857897224082756509e+02 1.323652847733436602e+02 1.516747076023391685e+02
1.604885085746415427e+02 1.295734203016714332e+02 1.539694468832309155e+02
1.540782275711159741e+02 1.300511811023621931e+02 1.287692307692307736e+02
1.440122111816114057e+02 1.466763221827695816e+02 1.292174812516162490e+02
1.682496205487449004e+02 1.667705487381338401e+02 1.273259098316132594e+02
1.701669691470054318e+02 1.473951219512195223e+02 1.351967213114754145e+02
1.554565374864179716e+02 1.300838359469240118e+02 1.224465116279069719e+02
1.711609513169604782e+02 1.307806920872823468e+02 1.515613058522641836e+02
1.290914137782252169e+02 1.502062740012966913e+02 1.309602683178534619e+02
1.257850386930352471e+02 1.246284403669724838e+02 1.285000000000000000e+02
1.657899371774736323e+02 1.247848723993030688e+02 1.275839936608557821e+02
1.894130039211666201e+02 1.273627770977832228e+02 1.735190062449090362e+02
1.239397679585287619e+02 1.212561105207226291e+02 1.226215277777777715e+02
1.680066908596053565e+02 1.310085158150851612e+02 1.286239999999999952e+02
1.701015952980688439e+02 1.663250388802488260e+02 1.308354430379746702e+02
1.530813789205990361e+02 1.298165846802529870e+02 1.445407894736842138e+02
1.504951091045899148e+02 1.342874999999999943e+02 1.535102389078498391e+02
1.429022106631989573e+02 1.441447453954496325e+02 1.265817618186515148e+02
1.728166996343583151e+02 1.349550892331829743e+02 1.277929883138564264e+02
1.296799076212471107e+02 1.300791788856305118e+02 1.291489361702127781e+02
1.538846835318436774e+02 1.269081748740451872e+02 1.273918305597579490e+02
1.486278366111951641e+02 1.429039735099337634e+02 1.272556390977443641e+02
1.945926052838981661e+02 1.288652569841024729e+02 1.846423501577287141e+02
1.984898205035538012e+02 1.273924665856622056e+02 1.526987179487179560e+02
1.241162268388545726e+02 1.193591772151898738e+02 1.222779220779220850e+02
1.245962338515436869e+02 1.188412752828248244e+02 1.168775757575757552e+02
1.748233671861320317e+02 1.249797721162463233e+02 1.613847783112115337e+02
1.280465063348759713e+02 1.282595717066839711e+02 1.287219118559900721e+02
1.886217123034490726e+02 1.305096965548710841e+02 1.753033953997809533e+02
1.821923036594317011e+02 1.790434307897610040e+02 1.275775049331286937e+02
1.622426927385680813e+02 1.271929504709814580e+02 1.576047663262147864e+02
1.791084142394821868e+02 1.774615987460815063e+02 1.326967084639498466e+02
1.594686391111763726e+02 1.603000297675425543e+02 1.288971439904799752e+02
1.897631918110392348e+02 1.736833239851363544e+02 1.282746685439399243e+02
1.606859051207398466e+02 1.263520581113801455e+02 1.539756446991403891e+02
1.937003269160915409e+02 2.074493477657507583e+02 1.460633174791914257e+02
2.018374603174603124e+02 1.496399999999999864e+02 1.429868708971553701e+02
2.057567401960784252e+02 1.463117241379310371e+02 1.763143507972665134e+02
1.792682926829268411e+02 1.326260597947344877e+02 1.323640350877192873e+02
1.932364885731933271e+02 1.826411137004783427e+02 1.319934018720269933e+02
1.299279290277947325e+02 1.341328982497775257e+02 1.260191853190601989e+02
1.358354986080376818e+02 1.279229264202361804e+02 1.818976783149832386e+02
1.588578301260783121e+02 1.474621710526315894e+02 1.312614020270270316e+02
1.613913051045093141e+02 1.278461509305234500e+02 1.612794841111554263e+02
1.648996702779086263e+02 1.221352941176470637e+02 1.318631578947368439e+02
1.283708346556648792e+02 2.007351005003071975e+02 1.615766966222497558e+02
1.260098554533508519e+02 1.449272707206710038e+02 1.911993013778381396e+02
1.440575603276510890e+02 1.255982879377431942e+02 1.886037735849056673e+02
1.946747141041931286e+02 1.328203947368421041e+02 1.628985943775100509e+02
1.208988715277777715e+02 1.258275071633237872e+02 1.270066225165562912e+02
1.567162244708256935e+02 1.278538517975054987e+02 1.267103336045565527e+02
1.658192361218494000e+02 1.441389817911557145e+02 1.301120725175113364e+02
1.731167880889510968e+02 1.264998687549216925e+02 1.684959359759909887e+02
1.630452346711988412e+02 1.274584690553745929e+02 1.544140030441400313e+02
1.618833831695856418e+02 1.335848563968668543e+02 1.319779735682819251e+02
1.826489230007427693e+02 1.259751082251082295e+02 1.467591463414634063e+02
1.501318771003360553e+02 1.173383624894322708e+02 1.263843487778183174e+02
1.802866397521359545e+02 1.318969105691056996e+02 1.318936256597645240e+02
1.544764353041987874e+02 1.535763612217795355e+02 1.345800524934383304e+02
1.786224758560140344e+02 1.199735849056603740e+02 1.465172413793103487e+02
1.736627688630932198e+02 1.839431205256447868e+02 1.284725108950720767e+02
1.410213927241610463e+02 1.213080383146721886e+02 1.283192812715963953e+02
1.774790498812351416e+02 1.280947399880454327e+02 1.609921743991056360e+02
1.321441917140536191e+02 1.254473684210526301e+02 1.228914616497829257e+02
1.691021750126454322e+02 1.689575411913814946e+02 1.305454545454545325e+02
1.860962830273174973e+02 1.273950995405819242e+02 1.745943708609271425e+02
1.866150156797638715e+02 1.260453074433657008e+02 1.350211111111111109e+02
1.953343701399688825e+02 1.309781144781144917e+02 1.572079510703363781e+02
1.565440605590061978e+02 1.337921535893155180e+02 1.236695957820738130e+02
1.654363023794483070e+02 1.243498253783469210e+02 1.541774647887324079e+02
1.316887384346582905e+02 1.309056568577157975e+02 1.467934601088186071e+02
1.278326041666666697e+02 1.275825082508250858e+02 1.266990291262135884e+02
1.280000000000000000e+02 1.280000000000000000e+02 1.280000000000000000e+02
1.522226129582267617e+02 1.262782301428790959e+02 1.257973209085614457e+02
1.570118891927238280e+02 1.285298850574712617e+02 1.271153846153846132e+02
1.678880681235251870e+02 1.386493370551291093e+02 1.451779816513761432e+02
1.544569755600814744e+02 1.337846003898635558e+02 1.252127659574468055e+02
1.682079143990406749e+02 1.288190433212996311e+02 1.488924485125858155e+02
1.275694227769110825e+02 1.266806059847251760e+02 1.270437079731027836e+02
1.823435258144184274e+02 1.295052860696517314e+02 1.478088012139605496e+02
1.549235080778107658e+02 1.390592592592592496e+02 1.316658097686375299e+02
2.024078539441956650e+02 1.329407600596125292e+02 1.368092783505154557e+02
1.906917808219178028e+02 1.240348661892197555e+02 1.285511982570806140e+02
1.731138254424444085e+02 1.310924885028104256e+02 1.364219734079776174e+02
1.763323173635584453e+02 1.738959871158233739e+02 1.277569798068481077e+02
1.521215533980582393e+02 1.283310265282583487e+02 1.393860045146726918e+02
1.794237198049924871e+02 1.228313329696308358e+02 1.595476916819198721e+02
1.282589905362775937e+02 1.608336391437308919e+02 1.819566840926064231e+02
1.287262835770146125e+02 1.600180790960451986e+02 1.838969889064976257e+02
1.858601522152758889e+02 1.731940846704040098e+02 1.597709728867623653e+02
1.538494138863841272e+02 1.422320295983086567e+02 1.472545454545454504e+02
1.887928812519177768e+02 1.308609756097561103e+02 1.716491228070175339e+02
1.726849416683525646e+02 1.654218427323272351e+02 1.364916521305756305e+02
1.550377358490566166e+02 1.522116497829232742e+02 1.316173205033308591e+02
1.662647109281180349e+02 1.321639344262294742e+02 1.449794463087248459e+02
1.551705290773939794e+02 1.404003579952267273e+02 1.330768595041322442e+02
1.397072633895818115e+02 1.285184713375796264e+02 1.302307692307692264e+02
1.851207075962539079e+02 1.208526119402985017e+02 1.171961538461538481e+02
1.886338754506792270e+02 1.268347116401399148e+02 1.249688139059304746e+02
1.945421276595744757e+02 1.227791225416036269e+02 1.489454094292804029e+02
1.715086862442040285e+02 1.698496453010232869e+02 1.337099625066952342e+02
1.885025906735751278e+02 1.284926719278466862e+02 1.478542857142857088e+02
2.006797871023641449e+02 1.288377896613190785e+02 1.600807174887892472e+02
1.684549064095292010e+02 1.366342857142857099e+02 1.777905405405405475e+02
1.627791356935869942e+02 1.252267085176201959e+02 1.696810568122949405e+02
1.902174991427591806e+02 1.227304743721545037e+02 1.441082615629983934e+02
1.904155330200346157e+02 1.321043324491600401e+02 1.521401869158878526e+02
1.719219971056439817e+02 1.733190418679549225e+02 1.298901689708141305e+02
1.970576323987538956e+02 1.305802238805970035e+02 1.785453047775947368e+02
1.729101260675071217e+02 1.350859961398241467e+02 1.605218813905930517e+02
1.698735191582666744e+02 1.632042079857285160e+02 1.321777324895419952e+02
1.790669983416252080e+02 1.646139213143104314e+02 1.280597447795823598e+02
1.917508458935712099e+02 1.405057763853534425e+02 1.359176770899808560e+02
1.741891992551210535e+02 1.270147213459516280e+02 1.401592356687898189e+02
2.001267117034873024e+02 1.543493975903614341e+02 1.358256880733945025e+02
1.879767303102625249e+02 1.305314900153609869e+02 1.311666666666666572e+02
1.303511618849798879e+02 1.318087134104833353e+02 1.283594624860022293e+02
1.421693280323274564e+02 1.297047508015155870e+02 1.319258330347545609e+02
1.416528261451915398e+02 1.284338543652306441e+02 1.320749542961608824e+02
1.912674176053400004e+02 1.258987341772151893e+02 1.559961977186311799e+02
1.634111147221319413e+02 1.249668325041459411e+02 1.370178571428571388e+02
2.006893035167146877e+02 1.342357760582612514e+02 1.921115711032912543e+02
1.763990517581983397e+02 1.897185259296314825e+02 1.288374755654845103e+02
1.794193686234709730e+02 1.203111433706622364e+02 1.824933990895295892e+02
1.874316872008960502e+02 1.326414745732887468e+02 1.796741047568145291e+02
1.857768781944004672e+02 1.397012676483983569e+02 1.287160513971038256e+02
1.472457300819429236e+02 1.319056761268781202e+02 1.238273381294963968e+02
1.573072032929339059e+02 1.211422009569377991e+02 1.272181433109777657e+02
1.728831014321972361e+02 1.293897191308955996e+02 1.504762316335350079e+02
1.544914240127642699e+02 1.277874999999999943e+02 1.496535626535626591e+02
1.939236829148202901e+02 1.230666666666666629e+02 1.434933333333333394e+02
1.422411914509525843e+02 1.289279661016949206e+02 1.248030303030302974e+02
1.840154317934513699e+02 1.697262443438914090e+02 1.266393291982540745e+02
1.934657844009489907e+02 1.279726535179745355e+02 1.754308637760327656e+02
1.828328869844670521e+02 1.307912984364377849e+02 1.545218894009216513e+02
1.719075833979829326e+02 1.755246535017784879e+02 1.308313978494623768e+02
1.825694665957823872e+02 1.281494767049290999e+02 1.333262404195239981e+02
1.654525547445255427e+02 1.279877112135176702e+02 1.638555023923445049e+02
1.439213258193682350e+02 1.284207987651938936e+02 1.477246040942448815e+02
1.660811366120218509e+02 1.291020366598777969e+02 1.263805309734513287e+02
1.669310544611819296e+02 1.143032727272727271e+02 1.471368584758942575e+02
1.904456946868042735e+02 1.707308899283557366e+02 1.283006223073240903e+02
1.976811533639782681e+02 2.011488372093023145e+02 1.313873517786561251e+02
1.290797612588171432e+02 1.303353510895883858e+02 1.330615384615384755e+02
1.698616187989556181e+02 1.325885749639100766e+02 1.594093148231079340e+02
1.710956920423078600e+02 1.276122501611863385e+02 1.579411140583554243e+02
1.597378941926589562e+02 1.521788955146487012e+02 1.288027210884353622e+02
1.737121270825261661e+02 1.289372442019099481e+02 1.280764331210191074e+02
1.320068476400097950e+02 1.206538936959208854e+02 1.210687160940325526e+02
1.858250172453437585e+02 1.832480499219968806e+02 1.339418604651162923e+02
1.615618157543391078e+02 1.268865979381443339e+02 1.395894736842105317e+02
1.923917525773195791e+02 1.473275468250342612e+02 1.276736467799288874e+02
1.737427463024327210e+02 1.490319774666556327e+02 1.296686548995739372e+02
1.748424267100977261e+02 1.274366737739872093e+02 1.356285018270401963e+02
1.613763427978115885e+02 1.327477734563781553e+02 1.492580520234944856e+02
1.480563053563897142e+02 1.278795180722891587e+02 1.482722363405336807e+02
1.791862515588422013e+02 1.290813893350028536e+02 1.361045751633986924e+02
1.491832209184144915e+02 1.250480793060718696e+02 1.390137741046831934e+02
1.901233749895160656e+02 1.250775725593667573e+02 1.460346907993966852e+02
2.046167459646938482e+02 1.968143879542708419e+02 1.294043390611500399e+02
1.231926483922717495e+02 1.231636125654450211e+02 1.257573459715639785e+02
1.677306158617633969e+02 1.274874371859296502e+02 1.347753303964757663e+02
1.280649067726020292e+02 1.291169728371801000e+02 1.268961538461538510e+02
1.655300161160354548e+02 1.606033613445378023e+02 1.297665399239543831e+02
1.624167929405472819e+02 1.370572186434255286e+02 1.290540897097625361e+02
1.983180328580419598e+02 1.208188440127916579e+02 1.408733832539142270e+02
1.924781814862150782e+02 1.252301127704968025e+02 1.488885906040268594e+02
1.846820097244732608e+02 1.361297918948521328e+02 1.887542924807578402e+02
1.538323401478903918e+02 1.612645308213860460e+02 1.285654444623916390e+02
1.725324054548010793e+02 1.315542934154794068e+02 1.714871041462618280e+02
1.900279253966141937e+02 1.258040375430412041e+02 1.233057412504915504e+02
1.962579632643571301e+02 1.771359860078705708e+02 1.290091594127582084e+02
1.241248059006211122e+02 1.766049228444392725e+02 1.665454545454545325e+02
1.461453192553160250e+02 1.228264758497316649e+02 1.213337846987136146e+02
1.898814859077781136e+02 1.246528902541189581e+02 1.174942156409069867e+02
1.310063383715260841e+02 1.631384915474642412e+02 1.294000000000000057e+02
1.647642092863453342e+02 1.306180094786729740e+02 1.248463203463203399e+02
1.732056607080266417e+02 1.694436995654872646e+02 1.277955080885817551e+02
1.269736537348002372e+02 1.380124416796267610e+02 1.408645418326693175e+02
1.831282499259697829e+02 1.287659740259740317e+02 1.488604566872054988e+02
1.491817711030554108e+02 1.278206060606060674e+02 1.311640237859266733e+02
1.824187358916478559e+02 1.890311480756686251e+02 1.279386995691343571e+02
1.301689683184403066e+02 1.466927763272410914e+02 1.302808219178082254e+02
1.635765844429891445e+02 1.305517241379310462e+02 1.230648148148148096e+02
1.704070048309178844e+02 1.746946954813359412e+02 1.268992673992674014e+02
1.915516464959189307e+02 1.264476275738585542e+02 1.439571428571428555e+02
1.873848063555114152e+02 1.898448839208942331e+02 1.302583944423002720e+02
1.822068663896785381e+02 1.290729649936735655e+02 1.505327978580990589e+02
1.303881467365412163e+02 1.930034709535988213e+02 1.313174719019121426e+02
1.804274857954545439e+02 1.294090813537944200e+02 1.201526563550773403e+02
1.605415045395590141e+02 1.288123571972581942e+02 1.394287034185401808e+02
1.847348248352410565e+02 1.822275843881856474e+02 1.236252802690582939e+02
1.656269859028865596e+02 1.633125000000000000e+02 1.333556263269639146e+02
1.840043668122270617e+02 1.306462244472257055e+02 1.247845659163987193e+02
1.597864390401030903e+02 1.371947525597269646e+02 1.309236153377967184e+02
1.449916239653133516e+02 1.287428664072633069e+02 1.230312500000000000e+02
1.537873681326209123e+02 1.299475171578522463e+02 1.586882075471698101e+02
1.314054734193142622e+02 1.314022988505747094e+02 1.309699812382739310e+02
1.865489414694894208e+02 1.868876002601344055e+02 1.248978664124935847e+02
1.822119676083328272e+02 1.501677730838865443e+02 1.469636752136752023e+02
1.814448199199644307e+02 1.438675840288743473e+02 1.642180735930735977e+02
1.638347127555988436e+02 1.286666666666666572e+02 1.380607082630691309e+02
1.717844643619291389e+02 1.285706319702602229e+02 1.483016393442622984e+02
1.661509971509971422e+02 1.589272108843537410e+02 1.312186915887850489e+02
1.639607515657619956e+02 1.641685636856368546e+02 1.286070351758793890e+02
1.694987214072949939e+02 1.668999121857577563e+02 1.258999861220335816e+02
1.835254253546120538e+02 1.349966354511299187e+02 1.520833030192797253e+02
1.601009956049869913e+02 1.303415023974427243e+02 1.275035028936947867e+02
1.709332468569147920e+02 1.292633311389071764e+02 1.414500134012329227e+02
1.280000000000000000e+02 1.280000000000000000e+02 1.280000000000000000e+02
1.677365061998541194e+02 1.331446421809920366e+02 1.400692934782608745e+02
1.641892808683853673e+02 1.327516318537859092e+02 1.651646942800788906e+02
1.577988447162759087e+02 1.274018691588785117e+02 1.377463976945244895e+02
1.848467002749770813e+02 1.258436815193571903e+02 1.523767441860465226e+02
1.511202800061315088e+02 1.232049022749118876e+02 1.222123552123552059e+02
1.740487038491751832e+02 1.221358024691357969e+02 1.348233766233766175e+02
1.321029331433321374e+02 1.332946980375149053e+02 1.386573578926520156e+02
1.888371740448756952e+02 1.258808925204274090e+02 1.418325791855203590e+02
1.383993676147497069e+02 1.384234136979729044e+02 1.236616152504660562e+02
1.779763028466391859e+02 1.979638332430969001e+02 1.311364136413641290e+02
1.971358957456518510e+02 1.282152243400023792e+02 1.250869565217391255e+02
1.724088451788277609e+02 1.242472928733316593e+02 1.174323537198835083e+02
1.738699063287527906e+02 1.314120346761856126e+02 1.284221130221130238e+02
1.311703345070422415e+02 1.701880896226415132e+02 1.715069930069930138e+02
1.549032539221383047e+02 1.304668071654373023e+02 1.514382657869934121e+02
1.737857285628622890e+02 1.375567694108466696e+02 1.433096851335193378e+02
2.006762529739339698e+02 1.315869472440169261e+02 1.498236245954692549e+02
1.482310792655620162e+02 1.286028406102051633e+02 1.245861423220973734e+02
1.554593337762171359e+02 1.251579431609077915e+02 1.246317480719794304e+02
1.838987155963302769e+02 1.266754807692307736e+02 1.475454545454545325e+02
1.930639303115310668e+02 1.288974029313448284e+02 1.388092848180677663e+02
1.826617956656346848e+02 1.257505081300813004e+02 1.483021868787276389e+02
2.048138170178714290e+02 1.294527139364303139e+02 1.408706536856745402e+02
1.294462173314992981e+02 1.302064156206415646e+02 1.754989775051124639e+02
1.814789461115975371e+02 1.288363212050493303e+02 1.923148325358851594e+02
1.907780692549842740e+02 1.870803145183937204e+02 1.500670391061452449e+02
1.673138765194367465e+02 1.291549437299035503e+02 1.810220093743631651e+02
1.906128138847858224e+02 1.855228512960436547e+02 1.270609057782404960e+02
1.601164722920954375e+02 1.615828339041095774e+02 1.306998299319728005e+02
1.663179604605411726e+02 1.748647976307996146e+02 1.219130012487859034e+02
1.539903314917127091e+02 1.257612299126913769e+02 1.589902429691983912e+02
1.282868085106383091e+02 1.796201859229747697e+02 1.440095693779904309e+02
2.010926654094611479e+02 1.289837039788291122e+02 1.911800000000000068e+02
1.267490323386190596e+02 1.750195482189400593e+02 1.329878234398782411e+02
1.870246225185866535e+02 1.816208345491683644e+02 1.206204743083004018e+02
1.915804080598149710e+02 1.306817283253318180e+02 1.812551050606688250e+02
1.769019436938899901e+02 1.357944017835025932e+02 1.370509470934030105e+02
1.696941611071290765e+02 1.278804024372962971e+02 1.553069158878504652e+02
1.421606994171523866e+02 1.623975782038345130e+02 1.306250000000000000e+02
1.718997736825088793e+02 1.240643513789581220e+02 1.289780461031833170e+02
1.311594792514239316e+02 1.288096153846153982e+02 1.575033259423503296e+02
1.749152389540126364e+02 1.297612107623318423e+02 1.283499999999999943e+02
1.717212083071113966e+02 1.282591362126245826e+02 1.234957627118644012e+02
1.751088289393010484e+02 1.244243860404997832e+02 1.315993707393812144e+02
1.767622705932565168e+02 1.312034657902599406e+02 1.235959236493044386e+02
1.744031320632870461e+02 1.266662850601030357e+02 1.224717314487632507e+02
1.616889360788337058e+02 1.313184756097560921e+02 1.546276697864170728e+02
1.692013417702218590e+02 1.256967559943582557e+02 1.203913043478260931e+02
1.794278914986650193e+02 1.359764421211222043e+02 1.637076462262598398e+02
1.634653582718651137e+02 1.413540504137002074e+02 1.265116696588868876e+02
1.622646049435082602e+02 1.282702237521514519e+02 1.700994366197183183e+02
2.036046496398166425e+02 1.889340452774675043e+02 1.292545666693490034e+02
1.280000000000000000e+02 1.280000000000000000e+02 1.280000000000000000e+02
1.735822090599978083e+02 1.282453684643886334e+02 1.568809106830122460e+02
1.926028830963664973e+02 1.268077055383556910e+02 1.405634920634920775e+02
1.394869603654044568e+02 1.459874542603240855e+02 1.274444120221768344e+02
1.874354838709677438e+02 1.300516260162601725e+02 1.468746642793196031e+02
1.623478711460402337e+02 1.623376337319068625e+02 1.345188122839129505e+02
1.647129431866723621e+02 1.300269637769637825e+02 1.673075995174909565e+02
1.752879174256223394e+02 1.311209050200330068e+02 1.306524701873935328e+02
1.280549656464709471e+02 1.341430363864491824e+02 1.313945578231292473e+02
1.837873234700739715e+02 1.278042895442359281e+02 1.526221498371335485e+02
1.893521858758789449e+02 1.273202238209432409e+02 1.516046153846153857e+02
1.448488669279263945e+02 1.475628415300546408e+02 1.346591695501730044e+02
1.658463197803634444e+02 1.284050000000000011e+02 1.791526456961716747e+02
1.663326477846985654e+02 1.633640063168124357e+02 1.300375543851614282e+02
1.824484001802613875e+02 1.692240553485896726e+02 1.332845849802371561e+02
1.885953743721527758e+02 1.457887344550109674e+02 1.280505197505197543e+02
1.565530131522207853e+02 1.554922045804809727e+02 1.381877516693001553e+02
1.737252343674495023e+02 1.671862219575143911e+02 1.274114385297845331e+02
1.949176200638628984e+02 1.285537452013213056e+02 1.864783296239896799e+02
1.549179257601193740e+02 1.243400211193241773e+02 1.189418604651162781e+02
1.992326442456032112e+02 1.310525175961017794e+02 1.485050632911392370e+02
1.856623576748565938e+02 1.271825658581388581e+02 1.443038386467143823e+02
1.806828517456097529e+02 1.423978263786394791e+02 1.282542982806877205e+02
1.894305489260143247e+02 1.283682352941176532e+02 1.350639730639730658e+02
1.644248011230697273e+02 1.651930618401206630e+02 1.292147423092289387e+02
1.914123303801727047e+02 1.374777106466361829e+02 1.313772325154398288e+02
1.723578229541945461e+02 1.674640346941827431e+02 1.682377122430741849e+02
1.276174397893595653e+02 1.276195227180800913e+02 1.285588290136117848e+02
1.255414059988625439e+02 1.968969117364974011e+02 1.757340545096937205e+02
1.740181729479204762e+02 1.253226591001216121e+02 1.459481216457960784e+02
1.947505617977528232e+02 1.310715622076707234e+02 1.645219831618334752e+02
2.075172079495879700e+02 1.284715395390296635e+02 1.488420669577874946e+02
1.837778735879969076e+02 1.223701000270343400e+02 1.498478931140801649e+02
1.974737779309552650e+02 1.242492246969269871e+02 1.218558994197292122e+02
1.742546056717035867e+02 1.309044035674470479e+02 1.424653774173424949e+02
1.440704930662557786e+02 1.275188356164383521e+02 1.418733273862622752e+02
1.282876242515840204e+02 1.283898605830164854e+02 1.267750000000000057e+02
1.731741172377804787e+02 1.721355252606255135e+02 1.452435515873015959e+02
1.869654818349288803e+02 1.263911423123591646e+02 1.571341176470588152e+02
1.621803316982013428e+02 1.306754673897530949e+02 1.542078672632363805e+02
1.628410938654841118e+02 1.316044444444444537e+02 1.393441558441558357e+02
1.280000000000000000e+02 1.280000000000000000e+02 1.280000000000000000e+02
1.731693567251462014e+02 1.271682843879552109e+02 1.464909478168264059e+02
1.579870606144478131e+02 1.376381652549144974e+02 1.298471813003339150e+02
1.945109589041096001e+02 1.330311332503113420e+02 1.440576923076923208e+02
1.291409225560727805e+02 1.278327044025157164e+02 1.315081967213114638e+02
1.658998582900330518e+02 1.206106796116504825e+02 1.532994100294985174e+02
1.280000000000000000e+02 1.280000000000000000e+02 1.280000000000000000e+02
1.267007147264500162e+02 1.999446055123893586e+02 1.305478818084727664e+02
1.806615833146445311e+02 1.284668619553277153e+02 1.188078078078078050e+02
1.536032136155818080e+02 1.354404523071311246e+02 1.283107638888888857e+02
1.291567212062880969e+02 1.907203405180220841e+02 1.353860520904729299e+02
1.544441173677713550e+02 1.271350919264588271e+02 1.770890309886866589e+02
1.895262826565942760e+02 1.866599163548316085e+02 1.360668183451083735e+02
1.256186527611557580e+02 1.264173584905660448e+02 1.271120689655172384e+02
1.704961144090663652e+02 1.254182554412012820e+02 1.604355914355914479e+02
1.552975532754538222e+02 1.403132209405501385e+02 1.310992248062015619e+02
1.489882352941176578e+02 1.349121881682109745e+02 1.490945815191098234e+02
1.722745767858498311e+02 1.660524146054181358e+02 1.266224596533173923e+02
1.613004647597144299e+02 1.379414967373572551e+02 1.267215554623024190e+02
1.640410421749738532e+02 1.487836664913203606e+02 1.281949106659447750e+02
1.398753293683655841e+02 1.272867307452253129e+02 1.269931506849315070e+02
1.295182877992346846e+02 1.334924451451846039e+02 1.856714620274339325e+02
1.772381579589248304e+02 1.337065444245676815e+02 1.280762934362934402e+02
1.271702021876035786e+02 1.273032889781571697e+02 1.250120481927710898e+02
1.302919188323246829e+02 1.277961165048543677e+02 1.284000000000000057e+02
1.271638720586163203e+02 1.048142548596112249e+02 1.301791791791791866e+02
1.280000000000000000e+02 1.280000000000000000e+02 1.280000000000000000e+02
1.277704915444253260e+02 1.275647465076126252e+02 1.294781619654231122e+02
2.053240907454087107e+02 1.287917448405253253e+02 1.646968503937007995e+02
1.201422256890275548e+02 1.370610494450050396e+02 1.231889117043121189e+02
1.692071158815344916e+02 1.556580041580041609e+02 1.298924570575055952e+02
1.465245253164557084e+02 1.669805950840879802e+02 1.337624309392265332e+02
1.516914153132250647e+02 1.264266666666666623e+02 1.190000000000000000e+02
1.498602901665771014e+02 1.947339650145772509e+02 1.226177138531415665e+02
1.905533965490439812e+02 1.931354092946449725e+02 1.292974463145676225e+02
1.678977960577370823e+02 1.834627973265185688e+02 1.271315097317201435e+02
1.488757942416172000e+02 1.286405362533899677e+02 1.264748091603053410e+02
1.350619576731501752e+02 1.295541396354649351e+02 1.310815508021390485e+02
1.406410589151310546e+02 1.287898816809465643e+02 1.285154320987654444e+02
1.771331610789009403e+02 1.705654735601708580e+02 1.278754552075746602e+02
1.652901702916877298e+02 1.272747520976353997e+02 1.542269269776876399e+02
1.857865374979121498e+02 1.616522165074700013e+02 1.278452188006482970e+02
1.526873589164785585e+02 1.645392278953922869e+02 1.304939467312348711e+02
1.306045189908511190e+02 1.280068637803590264e+02 1.278659881255301087e+02
1.280791889824024565e+02 1.280008992805755383e+02 1.284049429657794690e+02
1.281183290025984434e+02 1.282445414847161658e+02 1.289111111111110972e+02
1.279996822370511751e+02 1.279984928409947287e+02 1.279929078014184398e+02
1.384713629772837180e+02 1.355574722760077577e+02 1.275822475570032566e+02
1.949273773511952186e+02 1.291227802176818784e+02 1.541973094170403726e+02
1.244744761750667408e+02 1.224074712024975753e+02 1.328162028106916637e+02
1.998069385270846112e+02 1.288698709304565568e+02 1.837497027348394738e+02
1.264762126142879310e+02 1.231174953959484384e+02 1.244234161988773053e+02
1.683671383647798621e+02 1.525953216374269061e+02 1.313383768913342635e+02
1.916037577587653118e+02 1.293830227743271166e+02 1.564557823129251801e+02
1.632191451469278718e+02 1.291624311083894554e+02 1.750240040858018347e+02
1.938191451783822004e+02 1.341641337386018336e+02 1.755775862068965409e+02
1.789839639821934441e+02 1.281368044920878049e+02 1.399081632653061149e+02
1.673620488940628661e+02 1.289927325581395223e+02 1.243703703703703667e+02
1.926731809649994602e+02 1.805474615273982408e+02 1.284006705130204296e+02
1.387489836588282230e+02 1.432588125194967290e+02 1.242401989467524857e+02
1.132953581911077237e+02 1.257084745762711862e+02 1.213938634940513452e+02
1.673164133314739956e+02 1.231560041561525907e+02 1.266800731261426023e+02
1.854644329896907209e+02 1.658514129443938145e+02 1.284141843971631261e+02
1.809217381147062156e+02 1.810168377164849289e+02 1.359716904826098585e+02
1.488192630597015125e+02 1.275005564210994891e+02 1.264279475982532688e+02
1.824845773487167548e+02 1.522810877626699551e+02 1.885451086956521749e+02
1.495686619718309771e+02 1.284759852216748754e+02 1.364763729246487856e+02
1.737748338390406104e+02 1.607150315820219930e+02 1.286049869310874101e+02
1.760506329113923982e+02 1.810672601384767688e+02 1.291305322128851572e+02
1.937523892823619747e+02 1.276820833333333383e+02 1.594214798626287859e+02
1.653839877613462477e+02 1.210817307692307736e+02 1.376764705882353041e+02
2.019012756181609234e+02 1.940543280478294719e+02 1.290310731200184762e+02
1.913171695402298838e+02 1.296911890504704843e+02 1.732207792207792068e+02
1.764532945467977925e+02 1.710794539540340224e+02 1.284898604523269512e+02
1.824532980776102420e+02 1.268077185017026096e+02 1.366179183135704989e+02
1.640260766961652052e+02 1.279268185801928155e+02 1.244234326824254850e+02
1.587634461337256937e+02 1.629639579135885299e+02 1.582175480769230660e+02
1.280000000000000000e+02 1.280000000000000000e+02 1.280000000000000000e+02
1.948397844732790816e+02 1.220352035203520416e+02 1.716625954198473210e+02
1.795598470695572928e+02 1.271898669915727424e+02 1.504109297374024266e+02
1.290476190476190368e+02 1.295049212598425186e+02 1.283513870541611652e+02
1.454673724735322367e+02 1.275446998722860741e+02 1.263697478991596626e+02
1.580793329033446923e+02 1.288236824983734437e+02 1.527202981148618903e+02
1.559493725195752347e+02 1.283991908293998563e+02 1.274212218649517752e+02
1.665001310553530232e+02 1.297596241497791141e+02 1.368324683412912464e+02
1.959565812746049005e+02 1.268907168037602844e+02 1.556554949337490257e+02
1.708043156335942570e+02 1.664121552020144179e+02 1.320658716638273802e+02
1.908039862724392890e+02 1.308931570109151892e+02 1.851357264957264874e+02
1.645995852343425838e+02 1.288299795361527913e+02 1.629681774349083980e+02
1.786914590273151191e+02 1.281535918341143940e+02 1.282823504454815406e+02
1.811767266737263071e+02 1.295433545363240739e+02 1.609343108504398856e+02
1.878728893550078567e+02 1.252330771305285850e+02 1.373930578512396607e+02
1.637206808037539076e+02 1.270509433962264154e+02 1.240615034168564961e+02
1.905988632009196522e+02 1.311639286136390581e+02 1.772192062897791232e+02
1.738406641421497341e+02 1.296391654812707372e+02 1.653274605103280805e+02
2.051323660053301694e+02 1.298528037383177605e+02 1.563496932515337505e+02
1.913104329120731393e+02 1.230891038696537692e+02 1.565884244372990395e+02
1.551679367714188800e+02 1.281720829464562144e+02 1.270229508196721326e+02
1.874605292984245750e+02 1.285930192374150351e+02 1.618953531142716997e+02
1.763157665715805251e+02 1.353890902661126461e+02 1.551013890691938286e+02
1.609934350511183823e+02 1.465267335004177198e+02 1.645990359063098651e+02
1.378932164881532003e+02 1.308681377825618881e+02 1.272008032128514117e+02
1.627075219084712785e+02 1.578436142484795823e+02 1.309974968710888561e+02
1.775178052325581461e+02 1.364444752915047161e+02 1.472449455676516266e+02
1.762545215389674524e+02 1.205235042735042725e+02 1.407342857142857042e+02
1.872531257973973027e+02 1.938270203066721820e+02 1.310613607652048245e+02
1.900518509694135787e+02 1.836082317073170600e+02 1.286954646768097632e+02
1.693257807240147201e+02 1.750177000760126020e+02 1.264360743092813664e+02
1.319617902566938312e+02 1.424684895175549286e+02 1.279346012269938626e+02
1.579314489205430618e+02 1.247876474670367770e+02 1.484459183673469340e+02
1.246762336354481420e+02 1.246923076923076934e+02 1.229438202247191043e+02
1.815028921738270640e+02 1.797144764957265011e+02 1.293987417186978632e+02
1.702679061000685294e+02 1.372749585406301946e+02 1.949761904761904816e+02
1.752890422855505790e+02 1.230166552259835981e+02 1.315207773413272605e+02
1.713522596925900530e+02 1.695423570369415245e+02 1.294631385864262541e+02
1.533406822761731121e+02 1.284011754462342196e+02 1.290620206004821284e+02
1.472142857142857224e+02 1.705736434108527249e+02 1.284364261168384758e+02
1.522888418079095914e+02 1.318986983588002317e+02 1.308005665722379547e+02
1.744196013289036671e+02 1.251366396761133615e+02 1.307866927592955051e+02
1.676109456440804308e+02 1.293901511722639555e+02 1.336057401812688852e+02
1.621551688843398153e+02 1.423325791855203590e+02 1.336976377952755968e+02
1.631724452035297475e+02 1.251433681073025355e+02 1.293738548273431945e+02
1.735514383884659537e+02 1.665252047889098890e+02 1.286818023458367293e+02
1.497654989275865489e+02 1.287638425617078042e+02 1.211863354037267015e+02
1.853933153682178272e+02 1.313058861164427356e+02 1.828510051880674325e+02
1.754293577981651424e+02 1.299245283018867951e+02 1.400486725663716925e+02
1.584898326294384390e+02 1.345580965192534109e+02 1.397865090403337831e+02
1.242429609766424363e+02 1.331651283530429737e+02 1.409284053928405456e+02
1.831713250517598226e+02 1.301147286821705507e+02 1.668646616541353467e+02
1.438799313893653391e+02 1.297924338801473141e+02 1.274328018223234693e+02
1.933706467661691590e+02 1.263057280883367781e+02 1.464616541353383354e+02
1.847760454789440416e+02 1.265163178151526324e+02 1.951689180188101034e+02
1.670586890243902474e+02 1.639215500945179542e+02 1.251007281553398087e+02
1.488934985898768275e+02 1.276158982511923625e+02 1.457784636488340198e+02
1.633814246144376341e+02 1.286415805640882297e+02 1.496772179155900062e+02
1.651787080573672313e+02 1.247829136690647545e+02 1.279521008403361293e+02
1.603910808225729454e+02 1.250813721579577162e+02 1.341575846833578680e+02
1.565415808701428091e+02 1.626822898903775751e+02 1.285488184079601979e+02
1.821633502299917495e+02 1.252329386101589250e+02 1.716587101920598855e+02
1.685600586448842932e+02 1.253698674426123461e+02 1.391437229437229348e+02
1.869832213291167022e+02 1.332221108047129690e+02 1.781349811929070484e+02
1.276723246631660373e+02 1.259416531604538108e+02 1.264463955637707926e+02
1.246174007133410839e+02 1.271576868383630909e+02 1.293013209568011348e+02
1.840382804503582292e+02 1.243472099202834329e+02 1.437350157728706677e+02
1.924727988061321469e+02 1.323804582792909628e+02 1.560356564019448911e+02
1.746520292747837573e+02 1.308435114503816692e+02 1.624406438631790763e+02
1.503431483578708878e+02 1.274636085626911353e+02 1.434472573839662459e+02
1.427462235649546756e+02 1.284642681123706325e+02 1.414656549520766760e+02
1.544986003110419688e+02 1.472493523316062181e+02 1.553903177004538634e+02
1.890768163689960204e+02 1.332447595561035882e+02 1.482232645403377091e+02
1.258061361457334613e+02 1.260950299125632768e+02 1.331031827515400323e+02
1.745371012068347341e+02 1.317950530035335817e+02 1.247050919377652036e+02
1.644075637417924440e+02 1.318901918148636980e+02 1.513161628624305877e+02
1.428082355757720734e+02 1.451404011461318078e+02 1.226370765370137974e+02
1.249841697541259720e+02 1.256943366951124972e+02 1.258040665434380827e+02
1.539362852213916142e+02 1.278887189292542956e+02 1.255172413793103487e+02
1.993437329337795632e+02 1.284866025859135732e+02 1.497948885976408917e+02
1.769477136549984095e+02 1.697341483630335688e+02 1.238255191607792796e+02
1.817846312887663771e+02 1.303810861423220899e+02 1.251111111111111143e+02
1.280000000000000000e+02 1.280000000000000000e+02 1.280000000000000000e+02
1.280000000000000000e+02 1.280000000000000000e+02 1.280000000000000000e+02
1.671883936080740227e+02 1.641768377253814037e+02 1.245250896057347632e+02
1.410968646864686491e+02 1.350040219378427651e+02 1.457525641025640937e+02
1.265135522730532074e+02 1.250391741662255214e+02 1.258849407783418002e+02
1.663286446020488540e+02 1.276452723378212966e+02 1.630937126260037644e+02
1.947956955521701445e+02 1.274784860720257740e+02 1.383047066696408649e+02
1.859398292315419496e+02 1.292446650124069549e+02 1.227786032689450195e+02
1.656034090909090821e+02 1.262984542211652865e+02 1.458477157360406125e+02
1.845559573424858968e+02 1.280919691246510013e+02 1.441810198300283332e+02
1.275584319526627155e+02 1.271942954934398244e+02 1.270534149164875117e+02
1.590689610333319024e+02 1.280070966724491370e+02 1.383343065693430560e+02
1.760486711495356928e+02 1.297346743295019280e+02 1.322040816326530717e+02
1.589663956639566322e+02 1.206571428571428584e+02 1.524277777777777771e+02
1.841480555316030063e+02 1.849949270110777491e+02 1.307445309603263013e+02
1.902350897409037032e+02 1.279836498761354306e+02 1.417015468607825426e+02
1.711245947197776616e+02 1.254518154518154489e+02 1.656377473363774868e+02
1.277315520542432381e+02 1.879343549057871314e+02 1.282519758735440973e+02
1.239126912691269098e+02 1.223709198813056389e+02 1.194882154882154879e+02
2.058484577866318546e+02 2.071119050363028578e+02 1.283258163025604972e+02
1.482285600174279239e+02 1.200455326761847914e+02 1.209308035714285694e+02
1.847766936467457697e+02 1.782834645669291262e+02 1.306309453904873692e+02
1.826693559212822606e+02 1.326671997092495019e+02 1.300612892016332296e+02
1.761825191288993437e+02 1.743852901484480356e+02 1.270947837150127242e+02
1.283820369072646486e+02 1.239013344116457773e+02 1.284364077669902997e+02
1.997263575024097690e+02 1.288476931628682678e+02 1.918918823112371399e+02
1.299410634208840349e+02 1.775398773006134832e+02 1.687136659436008586e+02
1.903515761821365970e+02 1.512566137566137456e+02 1.314538545059717762e+02
1.603182527301092080e+02 1.621380503144654028e+02 1.312760107816711468e+02
1.796721430122313166e+02 1.613047522408253087e+02 1.239719150818222033e+02
1.936113194681213656e+02 1.212892898719441206e+02 1.325407554671968171e+02
1.988998239584206544e+02 2.007258098443415975e+02 1.283586757252237760e+02
1.813520683720101943e+02 1.725981308411215025e+02 1.420309622102254821e+02
1.909194469285272078e+02 1.269179750550256784e+02 1.239966577540106982e+02
1.860743939153858264e+02 1.308680515164104747e+02 1.932816569686893899e+02
1.743506614303431093e+02 1.350956902848794812e+02 1.623101604278074888e+02
1.548308080808080831e+02 1.219473074696004602e+02 1.330401704199634878e+02
1.525024746906636608e+02 1.519351531107108144e+02 1.260494404306559062e+02
1.881657869481765886e+02 1.788534482758620641e+02 1.492337783297112708e+02
2.041508130986856884e+02 1.302517742480567620e+02 1.775254582484725177e+02
1.805974993988939730e+02 1.318604930847865262e+02 1.265833798103736711e+02
1.292520276953511313e+02 1.553466216551655634e+02 1.384989061740398597e+02
1.496500054212295368e+02 1.514580389240114187e+02 1.480716230936819215e+02
1.533312713372822600e+02 1.267553930191648988e+02 1.221649572649572661e+02
1.903983534474693613e+02 1.297098399525785339e+02 1.514618593563766353e+02
1.816803041274438897e+02 1.255176408636124279e+02 1.524952380952381077e+02
1.815375760208514464e+02 1.707704528582034129e+02 1.381362970200293034e+02
1.738584142394821868e+02 1.730828082808280897e+02 1.430560344827586334e+02
1.596798909000743834e+02 1.254858199753390835e+02 1.369867549668874176e+02
1.279020761135662667e+02 1.838211771513066992e+02 1.285752312203925101e+02
1.576662110442864844e+02 1.212211874272409773e+02 1.305637393767705419e+02
1.872199315022496933e+02 1.323395610579628681e+02 1.831110200065595279e+02
1.751857506361323260e+02 1.282166190929273739e+02 1.388699439950217709e+02
1.827905105667759642e+02 1.851997745925326626e+02 1.361850951374207170e+02
1.717589820359281418e+02 1.712491657397107758e+02 1.201310432569974580e+02
1.880343044927616063e+02 1.309847960131767763e+02 1.428192936335581180e+02
1.908879646840148609e+02 1.845138770484039128e+02 1.287216589861751288e+02
1.513833177132146091e+02 1.452632636655948488e+02 1.246613138686131350e+02
1.715591685532002373e+02 1.271064404165059756e+02 1.631428571428571388e+02
1.675879534060749165e+02 1.672952007835455390e+02 1.271901352426412046e+02
1.673836693175513233e+02 1.312898876404494501e+02 1.262681017612524528e+02
1.272934213283050440e+02 1.587713833157338854e+02 1.274775828460038980e+02
1.640222807043482192e+02 1.650836178508656644e+02 1.305041446507343892e+02
1.996193018480492753e+02 1.699628550619082432e+02 1.497422779922779910e+02
1.620987662877737705e+02 1.293086646279306819e+02 1.453339191564147654e+02
1.628056680161943461e+02 1.268862973760932960e+02 1.333239436619718390e+02
1.614370846882511046e+02 1.290526400256780732e+02 1.592310066476733255e+02
1.613155761436016178e+02 1.291550425273389919e+02 1.552490985576923208e+02
1.543774014978834259e+02 1.565301204819277245e+02 1.298359767891682850e+02
1.559829810595662991e+02 1.233323053199691657e+02 1.528671679197994990e+02
1.721691909127142424e+02 1.301724003127443439e+02 1.404711717296962092e+02
1.814550049961793832e+02 1.279925175370226071e+02 1.215326086956521721e+02
1.753282626100880748e+02 1.869696509863429412e+02 1.286526237989652657e+02
1.290351935646053221e+02 1.931080270067516835e+02 1.329401913875598211e+02
1.965560361777428113e+02 1.301272264631043356e+02 1.219010989010989050e+02
1.273847717546362333e+02 1.279531487889273365e+02 1.351183932346723111e+02
1.638856080489938734e+02 1.334015338941118216e+02 1.393736762481089215e+02
1.781537222043183988e+02 1.367115511551155009e+02 1.655399267399267274e+02
1.682233704292527818e+02 1.336400211752249731e+02 1.608382352941176521e+02
1.287258917904079283e+02 1.816892086330935285e+02 1.784140969162995702e+02
1.589845794998056192e+02 1.672506879471656589e+02 1.302581849511774976e+02
1.744667279975467693e+02 1.385571002979145874e+02 1.553221884498480279e+02
1.256077396657871645e+02 1.283562855337965800e+02 1.258421052631578902e+02
1.561917898502965727e+02 1.300069788383611069e+02 1.401892361111111143e+02
1.799807608220376096e+02 1.279616395165528075e+02 1.255205479452054789e+02
1.602881607177686760e+02 1.345326810570909686e+02 1.557988082719944032e+02
1.281657612913239177e+02 1.695235215053763511e+02 1.362518939393939377e+02
1.648624838544154727e+02 1.301793822106438370e+02 1.355825458588104482e+02
1.713941406250000057e+02 1.237504761904761921e+02 1.369821958456973334e+02
1.282118869149501279e+02 1.283004820567755644e+02 1.304744376278118523e+02
1.658942771294808267e+02 1.660108857001484353e+02 1.269926096997690479e+02
1.704497903963414558e+02 1.279087753134040497e+02 1.261685267857142918e+02
1.253933283914010417e+02 1.392447413628555068e+02 1.286111371080954484e+02
1.260407096171802124e+02 1.311407821229050228e+02 1.637578814627995030e+02
1.268489782886334609e+02 1.426129637348895471e+02 1.391400817995910018e+02
1.263891228070175430e+02 1.415318559556786795e+02 1.390592592592592496e+02
1.914493519958527656e+02 1.305404773046326738e+02 1.240119760479041986e+02
1.696496580746975269e+02 1.687205081669691538e+02 1.516542553191489446e+02
1.212671614100185593e+02 1.220328901329601052e+02 1.245933456561922412e+02
1.302661971830985976e+02 1.947532612746925054e+02 1.365222672064777214e+02
1.617804713804713685e+02 1.231028985507246318e+02 1.338056872037914786e+02
1.508677792041078192e+02 1.322544316996871601e+02 1.504983818770226662e+02
1.653602040816326451e+02 1.280826558265582662e+02 1.324075342465753522e+02
1.312579524864103178e+02 1.352875828392047310e+02 1.430096048632218810e+02
1.298261821366024549e+02 1.284302325581395223e+02 1.340783132530120554e+02
1.947754322866233281e+02 1.450999589659417381e+02 1.609593881856540065e+02
1.997363330305135491e+02 1.287788607980505731e+02 1.738468634686346945e+02
1.779235908141962454e+02 1.876592797783933406e+02 1.298651252408477887e+02
1.646306138306138394e+02 1.224553133514986314e+02 1.545114404576183063e+02
1.621039339029199198e+02 1.296200844978875466e+02 1.254201183431952700e+02
1.534148570072386235e+02 1.475243796255986126e+02 1.276886998505575406e+02
2.030549552499454364e+02 1.263435073144301981e+02 1.518054347826086996e+02
1.686488052136133149e+02 1.261972717733473246e+02 1.623946322067594394e+02
1.857817462143876241e+02 1.290003408316291882e+02 1.898049276672694532e+02
1.626826259020718624e+02 1.274349875242583892e+02 1.628695652173913118e+02
1.739060846560846585e+02 1.292225130890052469e+02 1.769458483754512770e+02
1.853396681153694203e+02 1.247000649642696573e+02 1.702834801544095740e+02
1.590759504200981667e+02 1.851684665226781874e+02 1.287381466886996293e+02
1.547074212493326115e+02 1.539112599413980718e+02 1.274818271119842876e+02
1.985307346326836466e+02 1.875150602409638623e+02 1.187551020408163254e+02
1.527705175865027059e+02 1.550013574983924229e+02 1.257584267836827507e+02
1.901977622248825810e+02 1.305368686162026108e+02 1.912599446558284342e+02
1.889215349369988530e+02 2.036838571044856394e+02 1.307453859060402692e+02
