1.524460396039604007e+02 1.418102073365231206e+02 1.334507042253521263e+02
1.773465177398160222e+02 1.301898206090947099e+02 1.266666666666666714e+02
1.746342528735632129e+02 1.332593582887700450e+02 1.676224934612031348e+02
1.715333660451422872e+02 1.932707275803722382e+02 1.342500000000000000e+02
1.386844264882267623e+02 1.546945675446895336e+02 1.619097393015248372e+02
1.235744438106103757e+02 1.258056872037914644e+02 1.193971499380421335e+02
1.568599425137183232e+02 1.275761772853185647e+02 1.482346153846153811e+02
1.301541176339608796e+02 1.239182284507325562e+02 1.261364961885434610e+02
1.259997385620915082e+02 1.231353965183752450e+02 1.364444444444444571e+02
1.332069293736912243e+02 1.222981233243967836e+02 1.243545150501672225e+02
1.644378405151065010e+02 1.257730600292825756e+02 1.294630541871921139e+02
1.826599760335530220e+02 1.298333333333333428e+02 1.445707410972088667e+02
1.471771549444738127e+02 1.532370572207084365e+02 1.540731399747793091e+02
1.628308504556613059e+02 1.290537433985709868e+02 1.372663910218547016e+02
1.700765211712202074e+02 1.449136045886359625e+02 1.512431323018629712e+02
1.929885635578187362e+02 1.448123049789716390e+02 1.560917030567685515e+02
1.665446106749617456e+02 1.303400744416873351e+02 1.489327036599763971e+02
1.281297143758876302e+02 1.729244148244473251e+02 1.321217217787913398e+02
1.505290128946198251e+02 1.288184750733137776e+02 1.536264026402640184e+02
1.568587285570131087e+02 1.547537372147914994e+02 1.530747422680412342e+02
1.499847191011236021e+02 1.427573529411764639e+02 1.432053571428571388e+02
1.512056224899598362e+02 1.299433272394881271e+02 1.316283924843423847e+02
1.283112488083889389e+02 1.181632124352331630e+02 1.263039215686274446e+02
1.802773613193403435e+02 1.169370603480192585e+02 1.247230941704035843e+02
1.893713373796567510e+02 1.713055789473684172e+02 1.623976221928665780e+02
1.632112566463493692e+02 1.840154958677686068e+02 1.192994129158512777e+02
1.722158801288335042e+02 1.281055109163217196e+02 1.300447414294015118e+02
1.555527374248805188e+02 1.636032786885245969e+02 1.228507012987012956e+02
1.493653978616992504e+02 1.251804074638233004e+02 1.289277929155313416e+02
1.663696763202725606e+02 1.304013880855986258e+02 1.680085695451548986e+02
1.673390784982935031e+02 1.664754846066134633e+02 1.196413043478260931e+02
1.280000000000000000e+02 1.280000000000000000e+02 1.280000000000000000e+02
1.555674761028320461e+02 1.081034548577972885e+02 1.532887185104052605e+02
1.504176665952431904e+02 1.408141703518554095e+02 1.310589583015121491e+02
1.528294465715280239e+02 1.309027093596059217e+02 1.750933333333333337e+02
1.452650202520252094e+02 1.358039548707994584e+02 1.351610738255033652e+02
1.333110751863218013e+02 1.227785587227211579e+02 1.239346797767738479e+02
1.689272512780180762e+02 1.613255592574964226e+02 1.547191906805640826e+02
1.305745333674252038e+02 1.320651526433358072e+02 1.178693320331545635e+02
1.625085662759242666e+02 1.600462117141321983e+02 1.265918495297805606e+02
1.463584193304807570e+02 1.607515383563517162e+02 1.244433893352812248e+02
1.525977415307402794e+02 1.257541125541125524e+02 1.191826741996233494e+02
1.353830010493179543e+02 1.178833865814696509e+02 1.130145190562613493e+02
1.504647261963492895e+02 1.254657534246575352e+02 1.254519774011299376e+02
1.548391494002181048e+02 1.207970297029702920e+02 1.254402907580477660e+02
1.249910364145658264e+02 1.187815656565656610e+02 1.227421465968586318e+02
1.864287432351172527e+02 1.272500000000000000e+02 1.423816326530612173e+02
1.952366959740860750e+02 1.293916666666666799e+02 1.479042904290429021e+02
1.927759531974984952e+02 1.275635259917920621e+02 1.333500778816199386e+02
1.952520408163265415e+02 1.311070175438596550e+02 1.507079646017699019e+02
1.450102246491003086e+02 1.346071910469084969e+02 1.430446355446355540e+02
1.452633537071485534e+02 1.249354838709677438e+02 1.181538461538461604e+02
1.870890431042908801e+02 1.273337331334332845e+02 1.527599309153713421e+02
1.561397675919948256e+02 1.233618817852834724e+02 1.232547169811320771e+02
1.426586751254057219e+02 1.303096841015018015e+02 1.248008823529411728e+02
1.884099999999999966e+02 1.261493975903614455e+02 1.680567260940032384e+02
1.550093797631609789e+02 1.218175355450237021e+02 1.369472118959107831e+02
1.306799812030075145e+02 1.382521915037087012e+02 1.552253298153034393e+02
1.403094695481335918e+02 1.476310037895478899e+02 1.260543575920934387e+02
1.328482175139200194e+02 1.286174374919031038e+02 1.265676328502415515e+02
1.398265712012728841e+02 1.262649240551042027e+02 1.389379985496736651e+02
1.314930587906456765e+02 1.258596785645130041e+02 1.434716129709308348e+02
1.300472584065434773e+02 1.134922943556154848e+02 1.293928921568627572e+02
1.278811215427556363e+02 1.125682582380632084e+02 1.180946745562130218e+02
1.631773356886496060e+02 1.298298055889330556e+02 1.629759127053224290e+02
1.433689491028927137e+02 1.302326420198376979e+02 1.323953279424977438e+02
1.475168141592920392e+02 1.273729809104258379e+02 1.293263157894736821e+02
1.452520378219758754e+02 1.444796561604584610e+02 1.259283854166666714e+02
1.831974347228584463e+02 1.444514806844963744e+02 1.523466550825369268e+02
1.401657932879919599e+02 1.210073679901760073e+02 1.136804733727810657e+02
1.501929941666424781e+02 1.235175006713812564e+02 1.517229333333333443e+02
1.440116880197797400e+02 1.647317604355716867e+02 1.251412852112676006e+02
1.241152527075812344e+02 1.265453331964267392e+02 1.282543859649122737e+02
1.650012560799615073e+02 1.257138971166052102e+02 1.510017797248271734e+02
1.667507350539039521e+02 1.208916932907348212e+02 1.605411764705882263e+02
1.280000000000000000e+02 1.280000000000000000e+02 1.280000000000000000e+02
1.280000000000000000e+02 1.280000000000000000e+02 1.280000000000000000e+02
1.468589093857693229e+02 1.289750608272506156e+02 1.410678513731825490e+02
1.399035256773608467e+02 1.178040761392039997e+02 1.374418746195983090e+02
1.474424449691936161e+02 1.405310095593378321e+02 1.408682004289335055e+02
1.549677445367309190e+02 1.285758792215725634e+02 1.428810330228619705e+02
1.695273429558853309e+02 1.189907922912205578e+02 1.059942440521872555e+02
1.595364537250044350e+02 1.268151093439363848e+02 1.546571972470347021e+02
1.952688904016337688e+02 1.318974804517810639e+02 1.440055096418732887e+02
1.783148797595190445e+02 1.326148923792902963e+02 1.535166274773261534e+02
1.376894934333958815e+02 1.266312292358803973e+02 1.252999999999999972e+02
1.356168663266516319e+02 1.279562351031999583e+02 1.298638170228721549e+02
1.607086842869590555e+02 1.349156346749226145e+02 1.457458791208791240e+02
1.514878036857799373e+02 1.363945363803519797e+02 1.445449801711542364e+02
1.478893687285659837e+02 1.387893009517558198e+02 1.396288156288156301e+02
1.753257517676122461e+02 1.261788376753507066e+02 1.563586562321053748e+02
1.490580627020947588e+02 1.495524526915304193e+02 1.342019736842105146e+02
1.640652401929934854e+02 1.400740740740740762e+02 1.218275862068965552e+02
1.444666270300716633e+02 1.278444879321591685e+02 1.319897486772486843e+02
1.669327501022752358e+02 1.651907736665064874e+02 1.427786407766990351e+02
1.666154300916346358e+02 1.754250832408435201e+02 1.408332648870636490e+02
1.656632772428687019e+02 1.576906964566241811e+02 1.290152361604875466e+02
1.423380281690140805e+02 1.285814285714285745e+02 1.553005671077504815e+02
9.978813756695909376e+01 1.140439232409381702e+02 1.231150769230769271e+02
1.516690685281092783e+02 1.294265922647681464e+02 1.516274137385248366e+02
1.388910717137837310e+02 1.279638175144205547e+02 1.375653495440729444e+02
1.414588240387946030e+02 1.320989410986101973e+02 9.443263410994113372e+01
1.280000000000000000e+02 1.280000000000000000e+02 1.280000000000000000e+02
1.460531991373112817e+02 1.172019064124783370e+02 1.421010638297872219e+02
1.529613115891741870e+02 1.287224199288256159e+02 1.294975778546712775e+02
1.349852790140362799e+02 1.293407335907335778e+02 1.320857142857142890e+02
1.734928509968328285e+02 1.676508225681793078e+02 1.238586345381526144e+02
1.640252698078441824e+02 1.290034320034320103e+02 1.556473633517938708e+02
1.722063822735665894e+02 1.290973865199449904e+02 1.500773930753564116e+02
1.274765771392879401e+02 1.260239858906525541e+02 1.293507462686567067e+02
1.574981746273197416e+02 1.642795417851925777e+02 1.321391463885670134e+02
1.514023683930498692e+02 1.229600983035805655e+02 1.303553657234383252e+02
1.348739194176229717e+02 1.277200210378681646e+02 1.321679626749611316e+02
1.496836565636877481e+02 1.221562054989593662e+02 1.387530647985989560e+02
1.712592829432578867e+02 1.346736015431248177e+02 1.322208242950108570e+02
1.467280493592786001e+02 1.312286773794808425e+02 1.387224489795918316e+02
1.403760520618490659e+02 1.263808678621702626e+02 1.200355889724310714e+02
1.265315315315315274e+02 1.254067245119305909e+02 1.376428571428571388e+02
1.661054091539528486e+02 1.254326439351593052e+02 1.261117511520737366e+02
1.226713419456894343e+02 1.359637573116183091e+02 1.219194312796208521e+02
1.686406270242259495e+02 1.516112508272667014e+02 1.518681129476584033e+02
1.520931333154746028e+02 1.421500293255132021e+02 1.240560271646859150e+02
1.773170299301282853e+02 1.801402854006586267e+02 1.349460100079009806e+02
1.622798184069335434e+02 1.304421265141318997e+02 1.417942122186495055e+02
1.484802953586497836e+02 1.297779419715263884e+02 1.435182273936993340e+02
1.543922082043957857e+02 1.253350546780072960e+02 1.376927437641723486e+02
1.557971537807986522e+02 1.338379120879120876e+02 1.207406171809841595e+02
1.522863807346216163e+02 1.336079613992762347e+02 1.412932189316357494e+02
1.642893686049413589e+02 1.321930063578564898e+02 1.414643835616438423e+02
1.421871672180493817e+02 1.297447240678899618e+02 1.470662129976182371e+02
1.168059430803571388e+02 1.701484488257465841e+02 1.397520091848450079e+02
1.731843563040106346e+02 1.559418062036782828e+02 1.266837929731771766e+02
1.484980336564843526e+02 1.282869875222816347e+02 1.244540540540540547e+02
1.598372950819672269e+02 1.766116504854368827e+02 1.271873508353221922e+02
1.700481614286718752e+02 1.588098487095817291e+02 1.440472602739725971e+02
1.653378804881469932e+02 1.278437202045592471e+02 1.575290341406478092e+02
1.520897090517241281e+02 1.304578798871422691e+02 1.529259194548789935e+02
1.794002953337271151e+02 1.386800098231827008e+02 1.673085714285714403e+02
1.790946547884186941e+02 1.261037318153067730e+02 1.399564315352697008e+02
1.671796280642434454e+02 1.315821545157780292e+02 1.579689298043728343e+02
1.392869217081850479e+02 1.302713534822601957e+02 1.368491071428571502e+02
1.467906250000000057e+02 7.380965147453082409e+01 1.372374429223744414e+02
1.630946247864371230e+02 1.452679415073115763e+02 1.621537242472266200e+02
1.748369855692143346e+02 1.674860089610279772e+02 1.329305146730889362e+02
1.298195182211241558e+02 1.250928899082568790e+02 1.241397058823529420e+02
1.407628878003265811e+02 1.292816693505099295e+02 1.388239728052024873e+02
1.821057562246380428e+02 1.548479623824451323e+02 1.562011173184357347e+02
1.679420240909602740e+02 1.146563926940639249e+02 1.232626953125000000e+02
1.262011779293242455e+02 1.274940170940170958e+02 1.360645161290322562e+02
1.296348773841961872e+02 1.786728198599618054e+02 1.316157635467980356e+02
1.602509225092250915e+02 1.406059957173447401e+02 1.473368146214099283e+02
1.394057258530942818e+02 1.206214367160775396e+02 1.197824267782426801e+02
1.862361229718189577e+02 1.359185059422750328e+02 1.448392282958199360e+02
1.501488627021101649e+02 1.323249470094922060e+02 1.297777777777777715e+02
1.721582457558609462e+02 1.271534422403733942e+02 1.291899886234357098e+02
1.302832593062605895e+02 1.373788979068773983e+02 1.571206636500754144e+02
1.401641188741835151e+02 1.312768279725683271e+02 1.341956678700360897e+02
1.319309090909090969e+02 1.647168141592920279e+02 1.816771084337349293e+02
1.650640824557472683e+02 1.421652459016393379e+02 1.412866666666666617e+02
1.661360592174832504e+02 1.427391742195367499e+02 1.391542857142857201e+02
1.658102238556632244e+02 1.431934389140271549e+02 1.397138888888889028e+02
1.604606741573033730e+02 1.401195840554592849e+02 1.381349693251533779e+02
1.601341769504287811e+02 1.566368840727867564e+02 1.406309295894490674e+02
1.644475566150178736e+02 1.434436229205175550e+02 1.362384341637010721e+02
1.251992242595204488e+02 1.220479041916167660e+02 1.197303016659162580e+02
1.497433628318584056e+02 1.094668508287292781e+02 1.353802083333333428e+02
1.818381677751555401e+02 1.338818232351306392e+02 1.499770825754820009e+02
1.621730393115587674e+02 1.259847747410457970e+02 1.223658472803347337e+02
1.406644151846784894e+02 1.419146679881070270e+02 1.327874266144814044e+02
1.479976689976689954e+02 1.289450056116722862e+02 1.361136767317939587e+02
1.617775017743080070e+02 1.242271043556009715e+02 1.445239639639639506e+02
1.810625886804351126e+02 1.740770073992874813e+02 1.912327848872638754e+02
1.381791840011678119e+02 1.324726480836236817e+02 1.286496598639455726e+02
1.641785911754948586e+02 1.359561626429479020e+02 1.297329670329670250e+02
1.305880917990691614e+02 1.216662564332065273e+02 1.216905041031652956e+02
1.139095634095634040e+02 1.167596988998262901e+02 1.166767371601208509e+02
1.639570256776034114e+02 1.318033605057394766e+02 1.514793625914315669e+02
1.329152507861813035e+02 1.288000144759699026e+02 1.276671052631578931e+02
1.572390945531714124e+02 1.284697357203750983e+02 1.326559546313799558e+02
1.296316495306213596e+02 1.302778293135436058e+02 1.268129175946547917e+02
1.477110795005531827e+02 1.343043647700701513e+02 1.303740601503759535e+02
1.340933669790915701e+02 1.197226086956521698e+02 1.231756070016939617e+02
1.456428789886838615e+02 1.120960222954142438e+02 1.528157551020408107e+02
1.280000000000000000e+02 1.280000000000000000e+02 1.280000000000000000e+02
1.587343096901821866e+02 1.385039782455433510e+02 1.268109452736318445e+02
1.779939382600561260e+02 1.177091125670041691e+02 1.363654708520179497e+02
1.626586794650104082e+02 1.488397166142864876e+02 1.389176744186046619e+02
1.706910265658815149e+02 1.302728804634017763e+02 1.370915208613727998e+02
1.748190906159303495e+02 1.162292292292292331e+02 1.462593619972260797e+02
1.429377382465057167e+02 1.313794002607561993e+02 1.359193548387096655e+02
1.469406004519530882e+02 1.263018867924528337e+02 1.240826210826210882e+02
1.773274279407038989e+02 1.342006401617250617e+02 1.541577953296703356e+02
1.601480967363810350e+02 1.383291017964071727e+02 1.849506172839506064e+02
1.690548934219573596e+02 1.244378395653563416e+02 1.348551157580283757e+02
1.585511037193831214e+02 1.539669421487603245e+02 1.317419830446000617e+02
1.437733658256880744e+02 1.400278174037089798e+02 1.355999999999999943e+02
1.845702575019139999e+02 1.248710900473933663e+02 1.259209327258107720e+02
1.276714980362820313e+02 1.522906817836716016e+02 1.587490685158352335e+02
1.635669354838709637e+02 1.586565821749795475e+02 1.598868274582560218e+02
1.685631013016412112e+02 1.288179705654531233e+02 1.419341085271317695e+02
1.457776538995900637e+02 1.303624892457700071e+02 1.277664851784633981e+02
1.864245218579235086e+02 1.927281461434370726e+02 1.326786494204602604e+02
1.419110611867318710e+02 1.408916124729031196e+02 1.440051657339647022e+02
3.962895479149195666e+01 3.030464664574929046e+01 9.035007358351728612e+01
1.692338812397646564e+02 1.261174061433447093e+02 1.236561380657766165e+02
1.325352464129756811e+02 1.252082857142857080e+02 1.365732984293193795e+02
1.286658849149845025e+02 1.446716565986154706e+02 1.272738277445387496e+02
1.477462012320328597e+02 1.281211458561119514e+02 1.365836810384793694e+02
1.666098693759071239e+02 1.295694294940796567e+02 1.509711779448621485e+02
1.450418743768694014e+02 1.302017543859649038e+02 1.518308157099697837e+02
1.494599423631123898e+02 1.590711206896551744e+02 1.332296296296296418e+02
1.491325151191746841e+02 1.272824956672443619e+02 1.342365591397849585e+02
1.461124801271860179e+02 1.259178770949720700e+02 1.272418524871355032e+02
1.351164525486945820e+02 1.330408163265306030e+02 1.266402821316614364e+02
1.098599640933572772e+02 1.098802281368821241e+02 1.137122736418511124e+02
1.426437361461438513e+02 1.350734306814367187e+02 1.161081956592160651e+02
1.280000000000000000e+02 1.280000000000000000e+02 1.280000000000000000e+02
1.779770186335403821e+02 1.759754279959718133e+02 1.755983086680761005e+02
1.439628242845680575e+02 1.168361086765994798e+02 1.238431372549019613e+02
1.948682261560693689e+02 1.502561027113776504e+02 1.778326068003487421e+02
1.818250163719711736e+02 1.386320277111643975e+02 1.491653932584269739e+02
1.581028239202657915e+02 1.272544610992148506e+02 1.340470352764573363e+02
1.566986261327097338e+02 1.289877236057523646e+02 1.355699999999999932e+02
1.703092932409808498e+02 1.279297475301866029e+02 1.107685255920549992e+02
1.280000000000000000e+02 1.280000000000000000e+02 1.280000000000000000e+02
1.720866408518876938e+02 1.563097893432465924e+02 1.355925465838509183e+02
1.416299583165254887e+02 1.351149158444573288e+02 1.387589820359281418e+02
1.611221279386747085e+02 1.343775511874171400e+02 1.573404664670115380e+02
1.791532567049808335e+02 1.733243519781719044e+02 1.837679012345678871e+02
1.349516984377239623e+02 1.348370838471023490e+02 1.184260023584905639e+02
1.649353459791610987e+02 1.279245541838134415e+02 1.285277044854881296e+02
2.086020377584656842e+02 1.845889811980760840e+02 1.472550724637681299e+02
1.730770792218776535e+02 1.220394568981228360e+02 1.246154233870967687e+02
1.240752941176470614e+02 1.193478053435114532e+02 1.260982849604221627e+02
1.380317615327381020e+02 1.264112903225806406e+02 1.339204892966360774e+02
1.595467121764538660e+02 1.269475814100537434e+02 1.445824175824175768e+02
1.776809234397677812e+02 1.664709243270695822e+02 1.271642938496583213e+02
1.557242325501629239e+02 1.638733390484354970e+02 1.316236378876781146e+02
1.496285586191436892e+02 1.346275816122584956e+02 1.355562310030394997e+02
1.652145046789286766e+02 1.592053622361665646e+02 1.466878470080197303e+02
1.435529669727285125e+02 1.377352147239263900e+02 1.226176249058498655e+02
1.349439500467082951e+02 1.741536913790434937e+02 1.305847781369379845e+02
1.576766531979895660e+02 1.268105966823471107e+02 1.337152133580705140e+02
1.688706504691778036e+02 1.354972982708933671e+02 1.437231325814003071e+02
1.743672233569626258e+02 1.145458316051430927e+02 1.705565566458519129e+02
1.428047756874095455e+02 1.471783681214421335e+02 1.256486077481840198e+02
1.794505293205367309e+02 1.285164563617244937e+02 1.481251936346993432e+02
1.616955414012738856e+02 1.279134615384615330e+02 1.488801843317972384e+02
1.856889826351417696e+02 1.314603909868885978e+02 1.824623940677966232e+02
1.664775272510079276e+02 1.635332476710568699e+02 1.308562826174227212e+02
1.344628542819792472e+02 1.151580284552845512e+02 1.193740083994400436e+02
1.619143508792989508e+02 1.414429556911647694e+02 1.308828801687128021e+02
1.254914764518925097e+02 1.344243693386578400e+02 1.218784488044144751e+02
1.679463912133891199e+02 1.271117103235747265e+02 1.232928994082840291e+02
1.643001028924202558e+02 1.273065714285714307e+02 1.463934480476505655e+02
1.397072555026094847e+02 1.259640870005058133e+02 1.299544400265076263e+02
1.357640628228973014e+02 1.373386523333613241e+02 1.271555622248899624e+02
1.376572209685818393e+02 1.286003215434083700e+02 1.196883116883116855e+02
1.367857996387383537e+02 1.361927589208007134e+02 1.135745279420179230e+02
1.423219607843137169e+02 1.430137857900318181e+02 1.634495758718190359e+02
1.443380863039399742e+02 1.297937095282146061e+02 1.442934855607790325e+02
8.560440947940948320e+01 8.980794561291693867e+01 1.228459874540341730e+02
1.472780867630700641e+02 1.371046511627907023e+02 1.400316344463971916e+02
1.276302807993928639e+02 1.349522388059701541e+02 1.347718926553672247e+02
1.679903640256959250e+02 1.214680954700438349e+02 1.600868217054263596e+02
1.545597597597597712e+02 1.361698863636363512e+02 1.309870689655172384e+02
1.384330971238015593e+02 1.303335276967929985e+02 1.315016077170417645e+02
1.677844243325894809e+02 1.482585361504858668e+02 1.279671420581655497e+02
1.551104228961982017e+02 1.420203473945409485e+02 1.391341317365269390e+02
1.744386831275720056e+02 1.733104325699745516e+02 1.738128078817734092e+02
1.603783567727609238e+02 1.290883037435999654e+02 1.373259858791114141e+02
1.527083333333333428e+02 1.235983739837398332e+02 1.411340206185566899e+02
1.755293563483863011e+02 1.263443463985224753e+02 1.560471664906723106e+02
1.498289139958496605e+02 9.874520717377859569e+01 1.151466395112016272e+02
1.482015633724176382e+02 1.276473616473616488e+02 1.448769994484280232e+02
1.319778748975689666e+02 1.343803571428571502e+02 1.285130434782608688e+02
1.472872147041001938e+02 1.398182030338389836e+02 1.334290348742903518e+02
1.919069955519611881e+02 1.309812252964426875e+02 1.535566714490674372e+02
1.595463167402649560e+02 1.310206730769230887e+02 1.292340093603744151e+02
1.602849867525503385e+02 1.291244275807928830e+02 1.114984890748489050e+02
1.281266304347826122e+02 1.287500000000000000e+02 1.315252918287937689e+02
1.204282226562500000e+02 1.208835978835978864e+02 9.673370577281191629e+01
1.461808014911463260e+02 1.240112994350282491e+02 1.485431654676258972e+02
1.592852297255627434e+02 1.268376703841387894e+02 1.340125391849529706e+02
1.389049806286695627e+02 1.322472993329029407e+02 1.296730105420281802e+02
1.825460683715242567e+02 1.308014680181754557e+02 1.447249388753056110e+02
1.557740265586315616e+02 1.164704124327555235e+02 1.387835218093699439e+02
1.849927478902953624e+02 1.262905484247374517e+02 1.444104683195592145e+02
1.544543026706231501e+02 1.389093851132685984e+02 1.402636986301369859e+02
1.365703349282296699e+02 1.150894955384751341e+02 1.189855535279805423e+02
1.780901074853575210e+02 1.273190294766392583e+02 1.252365591397849443e+02
1.212235294117647015e+02 9.690253671562082616e+01 1.018368421052631589e+02
1.642218859138533276e+02 1.357884711779448708e+02 1.448560157790927008e+02
1.522913865647821297e+02 1.199773836296516265e+02 1.377820201318986335e+02
1.305402629416598188e+02 1.281070441988950392e+02 1.218435672514619910e+02
1.700869102788118141e+02 1.379292580101180477e+02 1.684701544943820295e+02
1.874443091905051801e+02 1.498951965065502065e+02 1.586121621621621500e+02
1.484272867420349371e+02 1.264564845292955937e+02 1.306577459479834147e+02
1.646325442525058520e+02 1.323022908366533841e+02 1.746223404255319167e+02
1.640928809788653950e+02 1.311646634615384528e+02 1.370735294117646959e+02
1.280000000000000000e+02 1.280000000000000000e+02 1.280000000000000000e+02
1.560016467682173698e+02 1.385933202357563800e+02 1.252953419226957408e+02
1.274037757114680147e+02 1.273083020442219464e+02 1.255128543177323621e+02
1.964708614864864842e+02 1.358789390160961261e+02 1.220767123287671296e+02
1.298059160039067876e+02 1.315644481887110260e+02 1.275452753318438681e+02
1.234053527980535279e+02 1.538945191313340217e+02 1.231170212765957501e+02
1.667158867885549114e+02 1.269485170677112507e+02 1.270429447852760774e+02
1.630770577933450056e+02 1.420344023323615090e+02 1.523378461538461579e+02
1.249995557248032441e+02 1.117989567485329303e+02 1.628933823529411882e+02
1.739016397716311815e+02 1.288457620724346100e+02 1.482150131152599783e+02
1.317970375925752364e+02 1.135652491330534701e+02 1.115083579154375570e+02
1.403458806818181870e+02 1.380207956600361570e+02 1.466368381804623482e+02
1.590491452991452945e+02 1.470111809923130579e+02 1.231903409090909065e+02
1.691219443266921019e+02 1.361313025210083936e+02 1.331755634638196852e+02
1.709391459604225645e+02 1.229347031963470300e+02 1.215230202578268859e+02
1.896027320404927536e+02 1.794163370186293491e+02 1.725193127502906520e+02
1.820718484198879707e+02 1.754939896966227764e+02 1.408349766476388254e+02
1.801910386965376745e+02 1.684335219236209298e+02 1.306060606060605949e+02
1.276750156543519097e+02 1.552087186261558713e+02 1.333070539419087197e+02
1.551579070174415165e+02 1.262837489251934642e+02 1.250457851946940480e+02
1.819643243243243376e+02 1.259801362088535797e+02 1.393588709677419217e+02
1.776596711630868981e+02 1.315965151515151490e+02 1.290769649664185863e+02
1.368222480135702028e+02 1.350318438623523321e+02 1.286079933156941877e+02
1.503839641638926423e+02 1.564372884375556794e+02 1.319849284099472584e+02
1.762012798138452467e+02 8.525793650793650613e+01 1.390945945945945823e+02
1.795628499940426650e+02 1.289562594268476516e+02 1.294422057264050920e+02
1.327640494220805181e+02 1.346314616755793168e+02 1.124848484848484844e+02
1.865677326625943238e+02 1.272761506276150669e+02 1.440251046025104529e+02
1.700325795323878992e+02 1.506305858987090289e+02 1.678842443729903664e+02
1.630760823875577898e+02 1.289868421052631504e+02 1.553375796178343933e+02
1.707086517884438877e+02 1.354464809384164141e+02 1.356938136256852090e+02
1.379747788340018815e+02 1.433947171692001064e+02 1.185450341167551187e+02
1.799950448324681531e+02 1.363527321190582029e+02 1.341743383199079460e+02
1.751884350310976686e+02 1.215741405849153409e+02 1.593496107572540552e+02
1.774222743956879640e+02 1.567761270491803316e+02 1.366058056692436082e+02
1.507121918720852705e+02 1.224825174825174798e+02 1.299203821656051048e+02
1.382880979149632026e+02 8.347555236499960074e+01 1.135559799789251798e+02
1.648281622911694626e+02 1.715179135932560541e+02 1.307225866916588473e+02
1.701573134328358208e+02 1.688719512195121979e+02 1.342226173541963021e+02
1.458566398390342158e+02 1.460708955223880707e+02 1.349845735027223270e+02
1.484799242536319923e+02 1.316679165530406408e+02 1.445627054626844767e+02
1.560445736434108426e+02 1.498611111111111143e+02 1.320294117647058840e+02
1.873760863839873707e+02 1.284654098098737904e+02 1.856869332713322365e+02
1.447999907015667986e+02 1.342760960610719394e+02 1.445580645161290363e+02
1.291803717706364125e+02 1.633126556486302832e+02 1.307043269230769340e+02
1.928566800370255976e+02 1.337076923076922981e+02 1.512527821939586659e+02
1.462200087886333790e+02 1.273590203106332126e+02 1.324512711864406640e+02
1.485880077369438936e+02 1.234396014943960154e+02 1.205510471204188434e+02
1.444224104736234153e+02 1.247983870967741922e+02 1.270588235294117680e+02
1.617832988916024703e+02 1.690785035265255942e+02 1.530477780095973230e+02
1.505397430150903801e+02 1.523744684331043402e+02 1.320994236311239263e+02
1.376416426050689665e+02 1.369320388349514701e+02 1.351111111111111143e+02
1.244358137510879061e+02 1.302727504460871728e+02 1.243660130718954235e+02
1.786339998982343786e+02 1.662789731277126180e+02 1.262971482889733892e+02
1.511391095858210747e+02 1.416303449700475028e+02 1.428804371584699595e+02
1.223976357420177266e+02 1.131065970928065667e+02 1.215418803418803435e+02
1.510965958369471025e+02 1.426481108091522856e+02 1.279836428872942236e+02
1.340862157169248121e+02 1.253570655915035843e+02 1.343908258292927087e+02
1.882776594000983437e+02 1.527491479209270722e+02 1.380228013029315832e+02
1.257412799514710287e+02 1.586463798530954818e+02 1.281659973226238378e+02
6.362832180560611306e+01 1.624307977736549162e+02 1.295786516853932540e+02
1.411102714373843128e+02 1.426477306883077745e+02 1.338347540983606621e+02
1.399898159728425924e+02 1.386552602839461201e+02 1.318180327868852828e+02
1.460079858030168509e+02 1.281786666666666576e+02 1.350763358778625900e+02
1.600304038893044094e+02 1.230486686059521162e+02 1.494038216560509511e+02
1.341298098047831218e+02 1.182221218145671457e+02 1.042490421455938758e+02
1.625079065718845186e+02 1.258534188034188048e+02 1.287815126050420247e+02
1.392668829851957071e+02 1.275950203252032509e+02 1.669996623902768533e+02
1.614454244762954715e+02 1.359435626102292645e+02 1.459369369369369451e+02
1.952529884514081289e+02 1.229603405952746300e+02 1.841277749874435017e+02
1.649228403472573632e+02 4.890744846842407867e+01 9.105640070371519812e+01
1.865896279594137468e+02 1.795394160583941527e+02 1.399417475728155296e+02
1.591751283513976034e+02 1.278992395437262388e+02 1.699577114427860636e+02
1.538418141592920279e+02 1.437432432432432563e+02 1.370520958083832284e+02
1.128326820603907663e+02 1.123442622950819612e+02 1.003009708737864116e+02
1.692439255761809420e+02 1.214744679568336636e+02 1.538230253353204091e+02
1.245274046211714136e+02 1.236547756041426993e+02 1.241872693726937200e+02
1.507564569670471997e+02 1.217811703080846399e+02 1.518569257490230200e+02
1.283523505248744812e+02 1.318306142034548998e+02 1.288384074941452013e+02
1.679993205598586883e+02 1.272160555004955427e+02 1.255370101596516719e+02
1.322389715593906772e+02 1.296376116801045839e+02 1.269023569023568996e+02
1.778459869848156245e+02 1.672363132363132365e+02 1.281092657342657333e+02
1.308121027205695270e+02 1.241120129870129887e+02 1.130000000000000000e+02
1.687483650662251762e+02 1.622438787407695315e+02 1.522465753424657464e+02
1.608450289082870484e+02 1.482280779450841521e+02 1.337584128578603782e+02
1.280000000000000000e+02 1.280000000000000000e+02 1.280000000000000000e+02
1.639474794347184172e+02 1.217500000000000000e+02 1.234979797979797951e+02
1.468513127590971976e+02 1.506872388909988558e+02 1.272151112395261521e+02
1.480800851146145760e+02 1.258141403053587482e+02 1.516477155868958562e+02
1.334718765208927209e+02 1.267224528462553792e+02 1.489213154300512656e+02
1.363153049482163510e+02 1.212894097772146580e+02 1.206239999999999952e+02
1.412069119535480866e+02 1.231709945601970588e+02 1.326771636675235584e+02
1.441847644503842218e+02 1.260063501663138794e+02 1.338927152317880882e+02
1.481441753171856988e+02 1.160015432098765444e+02 1.230326086956521721e+02
1.460212069456305244e+02 1.281276183087664720e+02 1.189150000000000063e+02
1.351785560807907132e+02 1.259003729355354295e+02 1.505786608600979832e+02
1.573773853602962163e+02 1.314284591194968641e+02 1.406972522080471037e+02
1.381742145178764929e+02 1.290278271166370700e+02 1.258496476115896598e+02
1.647511086474501099e+02 8.293392857142856656e+01 1.336375266524520384e+02
1.901944617299315610e+02 1.270932203389830448e+02 1.356842105263157805e+02
1.183810289389067520e+02 1.207939953810623592e+02 1.161487491548343485e+02
1.814977462764567520e+02 1.630764740043402412e+02 1.590578871201157654e+02
1.637579092159559764e+02 1.296071607830015182e+02 1.285320754716981071e+02
1.466397196846452289e+02 1.462749953453732985e+02 1.254145679012345624e+02
1.397804274377307934e+02 1.446541816726690683e+02 1.622530332883957271e+02
1.420367143746110798e+02 1.557088607594936605e+02 1.672186495176848950e+02
1.372951310861423337e+02 1.578215712383488665e+02 1.503057553956834624e+02
1.676451458632233482e+02 1.285934065934065984e+02 1.338484848484848442e+02
1.479218761188685960e+02 1.287568265847031057e+02 1.463806636266614873e+02
1.441869230769230796e+02 1.236392217584488975e+02 1.344715240216353891e+02
1.549190533817399569e+02 1.637255096966683254e+02 1.736420682730923772e+02
1.536405240381765509e+02 1.573530086398042727e+02 1.335707986281234696e+02
1.502415402567094418e+02 1.491643835616438309e+02 1.290047846889952154e+02
1.508782287822878345e+02 1.231807980049875368e+02 1.316236559139784958e+02
1.422702176821111379e+02 1.197114914425427941e+02 1.231291585127201529e+02
1.489154346540508698e+02 1.284838709677419217e+02 1.384326241134751854e+02
1.569828042328042272e+02 1.623327625570776149e+02 1.257147918511957414e+02
1.433955950991831969e+02 1.461051369863013747e+02 1.340557804768331209e+02
1.321965345359601258e+02 1.339223343571741793e+02 1.155546630094043934e+02
1.462639764043437367e+02 1.152808188696039196e+02 1.400550458715596278e+02
1.564547140649149810e+02 1.251277602523659311e+02 1.324600638977635754e+02
1.533011939810271542e+02 1.261819209039548042e+02 1.307135416666666572e+02
1.638957555178268137e+02 1.328670154185022056e+02 1.555229924502402241e+02
1.854857181262181598e+02 1.337801103883303711e+02 1.748091995374534235e+02
1.643785942492012850e+02 1.297468123861566482e+02 1.277552083333333286e+02
1.497799835452108539e+02 1.170592251377807003e+02 1.230099132589838860e+02
1.320004385964912217e+02 1.476326923076923094e+02 1.555084033613445342e+02
1.595195141065830740e+02 1.822792234276857926e+02 1.573983374896093039e+02
1.452999483737738728e+02 1.301028776978417341e+02 1.354604166666666742e+02
1.570511378120698112e+02 1.576146978021978100e+02 1.270519235841591552e+02
1.441948861864671017e+02 1.310585106382978609e+02 1.318194444444444571e+02
1.403378226711560046e+02 1.411643192488263026e+02 1.272416803055100871e+02
1.300378457059679818e+02 1.196674157303370833e+02 1.096519607843137294e+02
1.670473407056345536e+02 1.247170018281535704e+02 1.284080389768574832e+02
1.381503030657960096e+02 1.324779935590904643e+02 1.209365708622398472e+02
1.554647731464404217e+02 1.317881828316610893e+02 1.332612612612612679e+02
1.788612121749933408e+02 1.730794042913608166e+02 1.269585129748637371e+02
1.382237680128091029e+02 1.278202259052042677e+02 1.371735650136665470e+02
1.522626746245163076e+02 1.415042779094938794e+02 1.083937457201552093e+02
1.515143631436314422e+02 1.383477124183006595e+02 1.253570938999314563e+02
1.730820953465500338e+02 1.611694053670646554e+02 1.324194510216609615e+02
1.355593049770066614e+02 1.257476244161700691e+02 1.282540443379268993e+02
1.569567714631197077e+02 1.258322729901677235e+02 1.268430706521739069e+02
1.714355016538037546e+02 1.298202979515828588e+02 1.330812961910176284e+02
1.740303527810034723e+02 1.317705797670462005e+02 1.329553833263510683e+02
1.637022984886649795e+02 1.349362808842652726e+02 1.318778926637124584e+02
1.336239999999999952e+02 1.325991561181434690e+02 1.301200596569724155e+02
1.637408927655207833e+02 1.322973421926910191e+02 1.332959999999999923e+02
1.301274800812373087e+02 1.269400406504065018e+02 1.323452380952381020e+02
1.837346938775510239e+02 1.286970802919707921e+02 1.388454810495626930e+02
1.565822761077432688e+02 1.115318509615384670e+02 1.187030303030303031e+02
1.338622384849585103e+02 1.211889253486464355e+02 1.108965517241379359e+02
1.873896713615023373e+02 1.285592556317336062e+02 1.293622047244094517e+02
1.339740755627009605e+02 1.292342519685039406e+02 1.314140401146131865e+02
1.930083094912302499e+02 1.533726138304984090e+02 1.228852280758984392e+02
1.477931760987885639e+02 1.240978560815113525e+02 1.318801295896328156e+02
1.193447453346429086e+02 1.338745945945945834e+02 1.217260638297872362e+02
1.490519360568383718e+02 1.319575587513153323e+02 1.278170790878214405e+02
1.280000000000000000e+02 1.280000000000000000e+02 1.280000000000000000e+02
1.572581913499344637e+02 1.262904608788853125e+02 1.313439490445859974e+02
1.568868391451068476e+02 1.364894676369207218e+02 1.469593147751606068e+02
1.564878692432110370e+02 1.663208232445520594e+02 1.750899218512128357e+02
1.459033309396232596e+02 1.271575054202270110e+02 1.195406976744186096e+02
1.652412409735223378e+02 1.758353543519266964e+02 1.296106467223933123e+02
1.649278008298755083e+02 1.575615234375000000e+02 1.282266462480857570e+02
1.483586863500214008e+02 1.400328554360812348e+02 1.334777448071216668e+02
1.413650193111058684e+02 1.536996299342105203e+02 1.543430287701549162e+02
1.546493260265433776e+02 1.600790563185910571e+02 1.314363657160286607e+02
1.384105234310769958e+02 1.395009253547193282e+02 1.276901496259351632e+02
1.730339949806068773e+02 1.291934093789607232e+02 1.632579723940980614e+02
1.535970715835140936e+02 1.225151020408163305e+02 1.223082706766917340e+02
1.623662441627751889e+02 1.552870061875297552e+02 1.412286520818630891e+02
1.466084104591607513e+02 1.235867930696306018e+02 1.416573930963421049e+02
1.462540485829959493e+02 1.295436241610738364e+02 1.365325936199722605e+02
1.429572126805559265e+02 1.279623530428768987e+02 1.374230113097870856e+02
1.484494600431965523e+02 1.282829324169530310e+02 1.386817102137767108e+02
1.267677390921110572e+02 1.243381201044386444e+02 1.072385321100917395e+02
1.356409826912339440e+02 1.336802363755745375e+02 1.273719806763285050e+02
1.274115435647943428e+02 1.229301983835415086e+02 1.210660792951541822e+02
1.675964912280701640e+02 1.250728744939271309e+02 1.316219239373601795e+02
1.267696134419655323e+02 1.437487937006009417e+02 1.231898422090729781e+02
1.146762777925414127e+02 1.279726656712989552e+02 1.046825812596737677e+02
1.280000000000000000e+02 1.280000000000000000e+02 1.280000000000000000e+02
1.509889172173370184e+02 1.537420755804380121e+02 1.414581939799330996e+02
1.549295591394595988e+02 1.433497214197276151e+02 1.255038674033149135e+02
1.586639053254437783e+02 1.276643786127167601e+02 1.539862244897959158e+02
1.642909698996655550e+02 1.291583257506824509e+02 1.399990583804143114e+02
1.280000000000000000e+02 1.280000000000000000e+02 1.280000000000000000e+02
1.440095815983777925e+02 1.679388898367741660e+02 1.316868676882517661e+02
1.112366377571601390e+02 1.116965034965034960e+02 1.146445497630331687e+02
1.247693446373301072e+02 1.271362255965292860e+02 1.257286202964652233e+02
1.753061148396718920e+02 1.293851640513552184e+02 1.399745222929936403e+02
1.968465854130392643e+02 1.297342195540308865e+02 1.392657695542472709e+02
1.612245401802246647e+02 1.277634484378670408e+02 1.359513513513513487e+02
1.419272388059701484e+02 1.336420911528150270e+02 1.272312925170068070e+02
1.405191765980498246e+02 1.210559866962306046e+02 1.343950103950103880e+02
1.619548065875143550e+02 1.446686666666666667e+02 1.592684563758389231e+02
1.422880239897666002e+02 1.281357405140758772e+02 1.282657342657342667e+02
1.175085988089194871e+02 1.186060023225431905e+02 1.642073146090119167e+02
1.857133371276797504e+02 1.310470463388751341e+02 1.626350826044703695e+02
1.513110569404838657e+02 1.422102985338279382e+02 1.396764705882353041e+02
1.446764907470870583e+02 1.655682978084659283e+02 1.332683102393377794e+02
1.404118613756102150e+02 1.275951926745516971e+02 1.230087260034903949e+02
1.664083512434755789e+02 1.584592105263157862e+02 1.270270198675496687e+02
1.787397168467789186e+02 1.281554146856840930e+02 1.450846235418875949e+02
1.805574570035081763e+02 1.775194885225697021e+02 1.264623280192181767e+02
1.377144028602355093e+02 1.311231116121758760e+02 1.295635738831615242e+02
1.759602628527251511e+02 1.394915508528111161e+02 1.374166932397959044e+02
1.534370157819225255e+02 1.310708401976935704e+02 1.368618071374335727e+02
1.586259722691917489e+02 1.611682340647857927e+02 1.277257636122177900e+02
1.280000000000000000e+02 1.280000000000000000e+02 1.280000000000000000e+02
1.566212285947268299e+02 1.264212121212121218e+02 1.268546798029556584e+02
1.927458965815130227e+02 1.864236125403032247e+02 1.258480167430735435e+02
1.346175583603261430e+02 1.217660142348754420e+02 1.170654362416107404e+02
1.566183477425552439e+02 1.419899894625922059e+02 1.362048536759457420e+02
1.847118533071381705e+02 1.475826612903225907e+02 1.609783080260303620e+02
1.610034195340884935e+02 1.268467817896389391e+02 1.371741293532338375e+02
1.460591068301226017e+02 1.334718126626192429e+02 1.336907894736842195e+02
1.738861283643892364e+02 1.656534391534391659e+02 1.366390086206896513e+02
1.675508414793913232e+02 1.468997276415985880e+02 1.440272232304900228e+02
1.087098786435295494e+02 1.129795027519453470e+02 1.229912570888468792e+02
1.704445097750992204e+02 1.657798018536273617e+02 9.444976076555023781e+01
1.783508877028646111e+02 1.365291703835860915e+02 1.391620225133788438e+02
1.646094078118437665e+02 1.511042687193841800e+02 1.261748003549245851e+02
1.550740402749893576e+02 1.515548145060441811e+02 1.288571428571428612e+02
1.666509673115410237e+02 1.227397260273972535e+02 1.310184804928131541e+02
1.386717976910390462e+02 1.266401062416998684e+02 1.333776337115072863e+02
1.646437456647398960e+02 1.790568807339449506e+02 1.377739960644267967e+02
1.420581858407079778e+02 1.443879656928437498e+02 1.150922047074066086e+02
1.295474732006125578e+02 1.190916141541444517e+02 1.283090909090909122e+02
1.298781856796116472e+02 1.670059483344663533e+02 1.247061206120612127e+02
1.429937316617764793e+02 1.461258396775638175e+02 1.440147058823529278e+02
1.558041663079968941e+02 1.297792965494249131e+02 1.383376172282042376e+02
1.462264658418504553e+02 1.260773694390715605e+02 1.282199170124481213e+02
1.536182220020576779e+02 1.273252309188138014e+02 1.259318673996335178e+02
1.584012997060188752e+02 1.453731475700719500e+02 1.203167678119176145e+02
1.493759674367941273e+02 1.556725881742738693e+02 1.315124385305177839e+02
1.285073111990366499e+02 1.154343434343434325e+02 8.656939501779359603e+01
1.530895994378074363e+02 1.288148972077324288e+02 1.300335231895850256e+02
1.584171792152704086e+02 1.235175614464988456e+02 1.344664497763318423e+02
1.800005030904125363e+02 1.275541893051186690e+02 1.741989559164733237e+02
1.304850208570344989e+02 1.255473236440978440e+02 1.332717271727172772e+02
1.368778195488721678e+02 1.380107033639143594e+02 1.721680911680911663e+02
1.871685232193519539e+02 1.894996444173524424e+02 1.516142857142857281e+02
1.487281791589343527e+02 1.589611672794117680e+02 1.234625539213138552e+02
1.305185246857047616e+02 1.320910838385331942e+02 1.394071428571428442e+02
1.709506903353057226e+02 1.287753222836095688e+02 1.384590570719603022e+02
1.397326914259514012e+02 1.432185354691075645e+02 1.266363636363636402e+02
1.660476572287647343e+02 1.527915752854873972e+02 1.278115250291036062e+02
1.303152547328411686e+02 1.151914085914085888e+02 1.146167218543046289e+02
1.818267816642207322e+02 1.309518865795359090e+02 1.710691779735882392e+02
1.544453470437017870e+02 1.376043500125722971e+02 1.191546907165964058e+02
1.420939384322437320e+02 1.251475019825535355e+02 1.425201122544434043e+02
1.647753678143485558e+02 1.516261955665578967e+02 1.766114325793442106e+02
1.446584748147453467e+02 1.222951694304253749e+02 1.191256830601092958e+02
1.504564533053515163e+02 1.624211856171039869e+02 1.284601960784313803e+02
1.352668004012036249e+02 1.237488826815642398e+02 1.262917631491895492e+02
1.499828326180257534e+02 1.349169162995594604e+02 1.348350271803356293e+02
1.441085704461445971e+02 1.446396063960639538e+02 1.280989835809226065e+02
1.428772264164773276e+02 1.232033156804052538e+02 1.288795944233206683e+02
1.355626483151400237e+02 1.264737316798196218e+02 1.318890749267475826e+02
1.449770499547297504e+02 1.391938511938512022e+02 1.483956953642384065e+02
1.537803265940901838e+02 1.263554103122730510e+02 1.546586870318695901e+02
1.257106556394582242e+02 1.244981958762886620e+02 1.241904761904761898e+02
1.271014245014245034e+02 1.254141414141414117e+02 1.288471337579617852e+02
1.536570465312290992e+02 1.247663764685994465e+02 1.246172846267593997e+02
1.420880837912087884e+02 1.365582959641255627e+02 1.462669491525423666e+02
1.465609819121446833e+02 1.467375143843498222e+02 1.260643283158193668e+02
1.735651302605210446e+02 1.708186212297140401e+02 1.223770092859430036e+02
1.426888673039139803e+02 1.332225829491591469e+02 1.757573313782991136e+02
1.349602932978860395e+02 1.271753614806246446e+02 1.460746458409008426e+02
1.154532741398446234e+02 1.276582002902757580e+02 1.154215227562739301e+02
1.393137574768896059e+02 1.232607016160819882e+02 1.578706769382068558e+02
1.686646991507558937e+02 1.200828388863532581e+02 1.307683284457478123e+02
1.502627818709533187e+02 1.155425029058504407e+02 1.204861111111111143e+02
1.504028500140567814e+02 1.398599673868732225e+02 1.409749780509218624e+02
1.359102844638949819e+02 1.289340551181102228e+02 1.234444444444444429e+02
1.258113252723572373e+02 1.301427770510184985e+02 1.226612361003361826e+02
1.521950963222416817e+02 1.438962722852512286e+02 1.294932102118413866e+02
1.538747731397459120e+02 1.394426829268292636e+02 1.421475409836065467e+02
1.406510322346975670e+02 1.171664656212304010e+02 1.025162790697674353e+02
1.411580920641532941e+02 1.374180074939387168e+02 1.340303896494659170e+02
1.285751474183805669e+02 1.373705550845344305e+02 1.295497936016511744e+02
1.235107480653482384e+02 1.206422018348623908e+02 1.262857142857142918e+02
1.486154924837334477e+02 1.235110177308598907e+02 1.313407290015847764e+02
1.742072067454317050e+02 1.324261525907792816e+02 1.650176486559869602e+02
1.276521846457664822e+02 1.319755579171094553e+02 1.293298611111111143e+02
1.335881152188704846e+02 1.209486009732360117e+02 1.198239999999999981e+02
1.363001679261125219e+02 1.341687402799377935e+02 1.230261603375527386e+02
1.286908731280022664e+02 1.219957835558678880e+02 1.272144736842105317e+02
1.290722347629796900e+02 1.245193181818181785e+02 1.306416382252559742e+02
1.329063719115734727e+02 1.336071505958829846e+02 1.311012658227847965e+02
1.528177785769945558e+02 1.325426554226318956e+02 1.183923205342236997e+02
1.333870669745958537e+02 1.286901270772238490e+02 1.209255319148936110e+02
1.430388325622600689e+02 1.231589468551925819e+02 1.270665658093797248e+02
1.336550680786686769e+02 1.207174392935982326e+02 1.045018796992481214e+02
1.745838673200150879e+02 1.305279621340741869e+02 1.695680599369085257e+02
1.904789784363329659e+02 1.294167679222357208e+02 1.540363247863247977e+02
1.293834924199887837e+02 1.316835443037974755e+02 1.366415584415584306e+02
1.280181738559229245e+02 1.312341446691806652e+02 1.304715151515151490e+02
1.486864384521099680e+02 1.310643963641018956e+02 1.413168596441683178e+02
1.280255671041650771e+02 1.279779364049318673e+02 1.278553693358162633e+02
1.787092894310329996e+02 1.313554642938626387e+02 1.658486673968601792e+02
1.633254692251232143e+02 1.637217032633749909e+02 1.278765621574216169e+02
1.499105815256135941e+02 1.284892130051655954e+02 1.447239244815846462e+02
1.760514563106796118e+02 1.779326018808777405e+02 1.507476489028213109e+02
1.356837970780412661e+02 1.345394690552864461e+02 1.230718365727885697e+02
1.659774208739187600e+02 1.580241358760429193e+02 1.321764050217059605e+02
1.437306045555745868e+02 1.277317191283293027e+02 1.391260744985673341e+02
1.452558421116357863e+02 1.513849569802941915e+02 9.745927467300832348e+01
1.365120634920635041e+02 9.972210526315789991e+01 1.075339168490153128e+02
1.396636029411764639e+02 1.069889655172413825e+02 1.246059225512528457e+02
1.493619337979094155e+02 1.224163319946452475e+02 1.285000000000000000e+02
1.733482087708462132e+02 1.663926162148902108e+02 1.485439619456805360e+02
1.568211248117852961e+02 1.472045881538613799e+02 1.298908661198387335e+02
1.766012920265543471e+02 1.279387883446299981e+02 1.551372666347534732e+02
1.389399469143994565e+02 1.250328947368421098e+02 1.253868243243243228e+02
1.298293217772672676e+02 1.047681082515256037e+02 1.350854274697513517e+02
1.497701365991521527e+02 1.261333333333333400e+02 1.291631578947368553e+02
1.221457209351528661e+02 1.855179496181866057e+02 1.381217849395723647e+02
1.211768506351292132e+02 1.276934113232534997e+02 1.711325441490394041e+02
1.261655966349346869e+02 1.207058365758754803e+02 1.673359109186513933e+02
1.782090216010165307e+02 1.361532894736841968e+02 1.504658634538152739e+02
1.075251736111111143e+02 1.184687679083094594e+02 1.183245033112582831e+02
1.380338618436777836e+02 1.338168745414526768e+02 1.289316517493897436e+02
1.308619143343126723e+02 1.262348569305091104e+02 1.251157807993407545e+02
1.482448064136417258e+02 1.206376760871467297e+02 1.393340002500937942e+02
1.508901817231010511e+02 1.328900651465798148e+02 1.453044140030441440e+02
1.437834258863733510e+02 1.314804177545692028e+02 1.306475770925109998e+02
1.650601634067838575e+02 1.246850649350649292e+02 1.279268292682926784e+02
1.570451752280364985e+02 1.162337907264095662e+02 1.266727471725647547e+02
1.609598159797202186e+02 1.396764227642276524e+02 1.304348355663824464e+02
1.426311053984575778e+02 1.405949535192563076e+02 1.285573053368328829e+02
1.669315188762072069e+02 1.349075471698113233e+02 1.447049808429118798e+02
1.635956811198361152e+02 1.747876826517603206e+02 1.391630908481394613e+02
1.327526075996207169e+02 1.130779884797100578e+02 1.259936420179682131e+02
1.522424703087885973e+02 1.288374178123132197e+02 1.377764114030184430e+02
1.273880991064175419e+02 1.218541963015647269e+02 1.142836468885672900e+02
1.553014668689934297e+02 1.553960709759188887e+02 1.332262156448202859e+02
1.745441110613524529e+02 1.280306278713629524e+02 1.600678807947019777e+02
1.734687327061427879e+02 1.272362459546925635e+02 1.272477777777777845e+02
1.868895800933125884e+02 1.294848484848484986e+02 1.463486238532109951e+02
1.503074534161490590e+02 1.131477462437395616e+02 1.186994727592267083e+02
1.503939776795114653e+02 1.259196740395809115e+02 1.397028169014084540e+02
1.618260929992455317e+02 1.236469710395000732e+02 1.578504552065937503e+02
1.303427083333333201e+02 1.270569306930693045e+02 1.222038834951456323e+02
1.280000000000000000e+02 1.280000000000000000e+02 1.280000000000000000e+02
1.274411172681633104e+02 1.169091104624366295e+02 1.288561444379731995e+02
1.363885388182142435e+02 1.242513409961685795e+02 1.257884615384615330e+02
1.665871550220580559e+02 1.580083740404745356e+02 7.482385321100917963e+01
1.392696028513238389e+02 1.311773879142300245e+02 1.256028368794326298e+02
1.415065030901208445e+02 1.269187725631769013e+02 1.310903890160182925e+02
1.331423256930277148e+02 1.319376486791035461e+02 1.308030739673390883e+02
1.632515582735505006e+02 1.294720149253731449e+02 1.374461305007587271e+02
1.443939993405868734e+02 1.374617283950617264e+02 1.353470437017994925e+02
1.816885980020668399e+02 1.301222056631892769e+02 1.360103092783505190e+02
1.776621124729632299e+02 1.199168865435356253e+02 1.216586782861292733e+02
1.716492966268340581e+02 1.565922330097087354e+02 1.411028691392582175e+02
1.595938660824840554e+02 1.532559388001610614e+02 1.308179104477611929e+02
1.387568932038834930e+02 1.278517877739330970e+02 1.307065462753950271e+02
1.352294454015615202e+02 1.158684760865611878e+02 1.223938377059182443e+02
1.323075709779179761e+02 1.516844036697247589e+02 1.691142643764002855e+02
1.330302618157089398e+02 1.505152542372881328e+02 1.691497622820919275e+02
1.808176134819244396e+02 1.695524840518074541e+02 1.558347687400319046e+02
1.591938683498647435e+02 1.618451374207188280e+02 1.533666666666666742e+02
1.629318809450751644e+02 1.277621951219512226e+02 1.556218323586744532e+02
1.651790410681772130e+02 1.543652899126290663e+02 1.522014702217792035e+02
1.414114424832623342e+02 1.393896526772793152e+02 1.300296076980014846e+02
1.353166924000686322e+02 1.261299765807962530e+02 1.264802852348993270e+02
1.394991254919108030e+02 1.361288782816229173e+02 1.321173553719008282e+02
1.279750550256786568e+02 1.286101910828025439e+02 1.332051282051282044e+02
1.669319458896982269e+02 1.328190298507462614e+02 1.324538461538461434e+02
1.770793418687979397e+02 1.184705675008812165e+02 1.207318507157464182e+02
1.800442553191489310e+02 1.238305597579425097e+02 1.314888337468982513e+02
1.637102936630602699e+02 1.604074957624458477e+02 1.454759864309944533e+02
1.652809441565918291e+02 1.289808342728297532e+02 1.367171428571428464e+02
1.883316004455996904e+02 1.288472964943553052e+02 1.438430493273542652e+02
1.335523255813953369e+02 1.248297142857142887e+02 1.457405405405405361e+02
1.335317500314980350e+02 1.202023113140248256e+02 1.387616991883957951e+02
1.738461309863984354e+02 1.258234689381700662e+02 1.324058692185008113e+02
1.771085827355923925e+02 1.350707338638373187e+02 1.415794392523364422e+02
1.614279305354558574e+02 1.529194847020933992e+02 1.283817204301075208e+02
1.645258566978193073e+02 1.296791044776119293e+02 1.673311367380560171e+02
1.551638877592517360e+02 1.324229037100579092e+02 1.479304703476482530e+02
1.510453520104743461e+02 1.372792119208772874e+02 1.221156012013300369e+02
1.605363184079602092e+02 1.486964980544747164e+02 1.301235498839907052e+02
1.491468778837280809e+02 1.385155668690033224e+02 8.719102318655605188e+01
1.614919925512104157e+02 1.299663512092534177e+02 1.332335456475583726e+02
1.933335767756070709e+02 2.056841652323579979e+02 2.117504587155963236e+02
1.732130071599045209e+02 1.366359447004608398e+02 1.310833333333333428e+02
1.377651564325587401e+02 1.393265827093260611e+02 1.376659201194475486e+02
1.309878772078472196e+02 1.290507140775284256e+02 1.298688642063776513e+02
1.307155103134208503e+02 1.248139534883720927e+02 1.295018281535649010e+02
1.817100542344597329e+02 1.360648734177215147e+02 1.472395437262357518e+02
1.499727006824829516e+02 1.291641791044776255e+02 1.328698979591836746e+02
1.916075364704806248e+02 1.368610605370960513e+02 1.809186503829434969e+02
1.659497563545370724e+02 1.796377355344338866e+02 1.309061714604858935e+02
1.705503178249025211e+02 1.399547214157334452e+02 1.727884673748103239e+02
1.665664392628041810e+02 1.244088069681506283e+02 1.526576028861571217e+02
1.693728798226966319e+02 1.960851677546682765e+02 1.276875790332449583e+02
1.130645670846085551e+02 9.858458542014469117e+01 1.035395683453237439e+02
1.269265492796707093e+02 1.450794258373205707e+02 1.539061066007765533e+02
1.510550104242204839e+02 1.240432079137961523e+02 1.356050129645635138e+02
1.323585959313921023e+02 1.108721153846153840e+02 1.201056511056511056e+02
1.723774823568028864e+02 1.209152777777777743e+02 1.319946666666666601e+02
1.345343476999451866e+02 1.274615298840321174e+02 1.185075757575757507e+02
1.796367593233752018e+02 1.572367338543809012e+02 1.281068228807718867e+02
1.640233911625148266e+02 1.289550986151909342e+02 1.556235916695117680e+02
1.514234065345474107e+02 1.267335146159075521e+02 1.300288018433179786e+02
1.618300523661753232e+02 1.655345271679136374e+02 1.394925591397849587e+02
1.706777777777777771e+02 1.261333558406482069e+02 1.278246268656716467e+02
1.448023357664233686e+02 1.235099846390168921e+02 1.453990430622009455e+02
1.421666172326857520e+02 1.267370248890603932e+02 1.407848590189262268e+02
1.553984262295082033e+02 1.296826883910387096e+02 1.319057522123894159e+02
1.554991309385863190e+02 1.227236363636363592e+02 1.376236391912908346e+02
1.741250977796497921e+02 1.574297471727159632e+02 1.261922770065421986e+02
1.688783953196823973e+02 1.824317829457364439e+02 1.313075098814229307e+02
1.291459576776994140e+02 1.302427360774818510e+02 1.315230769230769283e+02
1.428501707170114514e+02 1.206782841823056316e+02 1.392140618002686949e+02
1.562322847156021624e+02 1.294294003868471918e+02 1.514551724137930933e+02
1.436164053075995071e+02 1.374049779621467735e+02 1.275311791383219884e+02
1.470468810538550883e+02 1.192803547066848608e+02 1.184777070063694282e+02
1.301469797016385144e+02 1.423152039555006070e+02 1.369566003616636465e+02
1.775077029202115568e+02 1.742020280811232453e+02 1.447093023255814046e+02
1.483607476635513933e+02 1.281615120274913977e+02 1.334175438596491290e+02
1.824395501405810762e+02 1.595449977158519914e+02 1.312888186487554378e+02
1.769041461246262088e+02 1.763249109435838022e+02 1.211959829580036541e+02
1.648698425624321260e+02 1.279381663113006340e+02 1.311851400730816124e+02
1.101271514715866005e+02 1.339625572457597968e+02 9.027496288646484857e+01
1.346735554618304604e+02 1.283120481927710728e+02 1.355038119440914954e+02
1.548806309755617292e+02 1.264881454664235036e+02 1.317330403425738155e+02
1.394579137023006581e+02 1.380064436183395173e+02 1.374252754820936673e+02
1.804953451312589152e+02 1.609092348284960394e+02 1.530180995475113264e+02
1.935049579794566341e+02 1.845168695975462470e+02 1.288984352500719979e+02
1.180510567064239353e+02 1.181557591623036672e+02 1.266511848341232280e+02
1.440292423571112010e+02 1.272948073701842588e+02 1.301508810572687196e+02
1.357913115909527733e+02 1.386341654890877635e+02 1.413288461538461434e+02
1.484421837228042023e+02 1.453397759103641533e+02 1.311273764258555161e+02
1.477558605936357878e+02 1.331033724895793853e+02 1.294388742304309687e+02
1.674464917420839072e+02 1.582863910932133251e+02 1.414843430905377772e+02
1.740762278619682206e+02 1.204242608960682759e+02 1.347557046979865731e+02
1.486495948136142715e+02 1.155646221248630923e+02 1.687856719952634705e+02
1.522247498912570620e+02 1.588817348998499028e+02 1.289006084100576004e+02
1.562077885561647577e+02 1.302242972660762348e+02 1.566147567744041851e+02
1.810984198044909306e+02 1.240125513717649710e+02 1.239258749508454542e+02
1.747164031620553430e+02 1.576248360297332738e+02 1.304877874496557126e+02
1.271989285714285671e+02 1.520431838656243713e+02 1.507746498214776238e+02
1.355187494485456341e+02 1.360216905187835437e+02 1.261530128639133324e+02
1.652128274076287084e+02 1.362962859536442295e+02 1.506524757056918133e+02
1.304329595319356372e+02 1.514031209362808852e+02 1.382743589743589609e+02
1.488895651320310094e+02 1.337834123222748701e+02 1.361547619047618980e+02
1.601014721345951557e+02 1.553469894475481112e+02 1.336777132087325413e+02
1.341896352055587727e+02 1.064556765163297030e+02 1.251613545816733080e+02
1.561418122594018030e+02 1.280062987012987037e+02 1.381875679594055839e+02
1.418205592957017132e+02 1.294412121212121178e+02 1.295728444003964341e+02
1.726044018058690881e+02 1.801570450097847242e+02 1.210765765765765707e+02
1.240471161657189327e+02 1.437841601392515258e+02 1.288835616438356055e+02
1.548493778650949650e+02 1.359803330274026507e+02 1.405833333333333428e+02
1.579027777777777715e+02 1.612872298624754421e+02 1.380869963369963500e+02
1.627168589924008018e+02 1.261360787824529979e+02 1.347734693877551138e+02
1.736135385633895964e+02 1.719415305245055947e+02 1.302811655731377982e+02
1.706177563962388035e+02 1.205626318009278748e+02 1.337603748326639845e+02
1.293462220104811706e+02 1.524056579153400435e+02 1.266827470442271135e+02
1.478769886363636488e+02 1.218509564851797364e+02 1.170780094149293831e+02
1.371940985732814511e+02 1.258432977913175961e+02 1.270902371419772123e+02
1.610118799861255638e+02 1.573363220815752470e+02 1.562655549327354265e+02
1.521434325352427948e+02 1.486453703703703582e+02 1.368561571125265459e+02
1.635010077258985746e+02 1.269712140175219020e+02 1.248863879957127523e+02
1.568972459333226084e+02 1.396936860068259421e+02 1.368058429701765135e+02
1.362794639337800504e+02 1.294552529182879255e+02 1.165218749999999943e+02
1.434981504315659606e+02 1.302212353653613377e+02 1.490235849056603854e+02
1.297500786410820979e+02 1.268419540229885030e+02 1.298555347091932504e+02
1.741949688667496901e+02 1.737526555386949951e+02 1.308824693892514119e+02
1.646270012981393336e+02 1.603303158318245778e+02 1.342863247863247977e+02
1.527852378835037825e+02 1.275605684637942687e+02 1.337067099567099433e+02
1.466796494644596009e+02 1.282146226415094361e+02 1.294940978077571572e+02
1.533585147247119096e+02 1.317806691449814025e+02 1.340426229508196627e+02
1.530156695156695150e+02 1.341224489795918373e+02 1.324289719626168278e+02
1.489390396659707676e+02 1.488617886178861909e+02 1.303809045226130650e+02
1.516261591637160677e+02 1.485570077807502969e+02 1.260383031873062833e+02
1.592001774559058163e+02 1.218880726742555964e+02 1.321973444889050597e+02
1.416784464974437299e+02 1.210786716391404667e+02 1.211879378617118448e+02
1.510475620302002255e+02 1.245092636132794155e+02 1.318118466898954750e+02
1.280000000000000000e+02 1.280000000000000000e+02 1.280000000000000000e+02
1.638676148796498921e+02 1.340094661113214727e+02 1.328478260869565304e+02
1.464672659430122224e+02 1.263942558746736324e+02 1.495946745562130218e+02
1.483153244988107247e+02 1.277516688918558145e+02 1.326858789625360089e+02
1.621134280476626941e+02 1.255252008765522334e+02 1.276511627906976685e+02
1.192752542026467779e+02 1.082832425504645926e+02 1.142656370656370655e+02
1.563043990573448525e+02 1.222370370370370409e+02 1.230675324675324731e+02
1.307508371927324617e+02 1.357309985904803113e+02 1.374911863735393069e+02
1.707205376996159316e+02 1.269406033940917666e+02 1.199196832579185497e+02
1.448862894127427126e+02 1.267706848986446033e+02 1.159788922965902884e+02
1.650813254508420584e+02 1.809270167839740111e+02 1.371237623762376359e+02
1.726213680847827163e+02 1.304802296673375110e+02 1.331997649823736651e+02
1.554983659631654405e+02 1.290671115588013151e+02 1.444293089753772961e+02
1.481763111597166187e+02 1.081973482916879163e+02 1.169538083538083555e+02
1.280596390845070403e+02 1.499675707547169736e+02 1.485681818181818130e+02
1.410822196397443236e+02 1.293066385669125395e+02 1.374184731385485350e+02
1.553611832900259913e+02 1.535704252828716392e+02 1.475428457552809789e+02
1.831379643912259212e+02 1.291237648140244971e+02 1.359861031791357391e+02
1.452512315270936085e+02 1.298179905312993299e+02 1.339297752808988662e+02
1.530809528328746296e+02 1.318578000408914193e+02 1.369205227077977725e+02
1.747133944954128424e+02 1.240018028846153868e+02 1.328084415584415581e+02
1.820783257050051702e+02 1.318354332733350418e+02 1.437457130907569933e+02
1.602944891640866842e+02 1.279268292682926784e+02 1.349920477137176817e+02
1.934455188050146717e+02 1.268002933985330003e+02 1.398650904033379732e+02
1.343496723035844411e+02 1.281782891678289218e+02 1.585425065731814129e+02
1.564047202101408800e+02 1.277228174392701874e+02 1.678155023923444844e+02
1.605477439664218196e+02 1.622005054759898997e+02 1.584533120510774040e+02
1.917913106270309243e+02 1.293530948553054714e+02 1.743892398614224533e+02
1.640435745937961656e+02 1.563526603001364208e+02 1.254263404476835007e+02
1.489938257489137925e+02 1.509490582191780845e+02 1.167190476190476147e+02
1.331029444964040351e+02 1.504821322803553869e+02 1.207721196984413297e+02
1.375584891627709396e+02 1.304321143869416630e+02 1.400405586378419684e+02
1.283693617021276623e+02 1.444887118193891240e+02 1.316156299840510258e+02
1.902573927697307568e+02 1.320183388272436105e+02 1.810103571428571456e+02
1.269434386315395216e+02 1.586398783666377028e+02 1.226910197869102035e+02
1.697615927033034495e+02 1.522351911292675766e+02 1.213184584980237162e+02
1.613995691293879133e+02 1.311338604913866277e+02 1.531583308671204406e+02
1.574077399110956037e+02 1.240544959128065443e+02 1.261358589157413519e+02
1.590661079561118072e+02 1.330936658636814514e+02 1.473811214953271076e+02
1.372048293089092397e+02 1.500433905146316818e+02 1.325023584905660243e+02
1.524610410604591095e+02 1.146067415730337018e+02 1.181525795828759584e+02
1.151529698942229487e+02 1.177125000000000057e+02 1.399578713968957970e+02
1.573375413285241962e+02 1.169596412556053764e+02 1.203535714285714278e+02
1.499179777637927486e+02 1.143249169435216004e+02 1.143933615819208995e+02
1.534003678724708664e+02 1.212770357604480864e+02 1.254667016255899341e+02
1.546921681604780190e+02 1.224717657603824250e+02 1.171468780329990267e+02
1.570255085566677451e+02 1.255787063537492827e+02 1.249081272084805647e+02
1.476880055355395882e+02 1.322186585365853659e+02 1.400271178305735589e+02
1.505517267667911767e+02 1.297136812411847586e+02 1.226811594202898590e+02
1.697118239626462355e+02 1.579567420731846425e+02 1.757947401336361679e+02
1.569761591148577509e+02 1.368539542043486676e+02 1.304365221851756758e+02
1.362963791308371526e+02 1.210174268502581754e+02 1.386394366197183103e+02
1.927292567125081746e+02 1.798865883891355963e+02 1.283872616077894975e+02
1.280000000000000000e+02 1.280000000000000000e+02 1.280000000000000000e+02
1.564591422617089052e+02 1.265351996706463495e+02 1.430963222416812641e+02
1.745602290679304929e+02 1.284767801857585141e+02 1.440746031746031690e+02
1.308871371740091263e+02 1.352833246210141169e+02 1.222556171578640232e+02
1.579055913978494630e+02 1.279922764227642347e+02 1.290913160250671581e+02
1.311125313066758906e+02 1.287756450597860294e+02 1.289296318893634350e+02
1.332198999206688370e+02 1.143638074888074954e+02 1.470799429762035402e+02
1.659398299939283561e+02 1.495953334904548626e+02 1.402206132879045981e+02
1.335897355819279539e+02 1.260677540777917187e+02 1.294829931972789154e+02
1.668229657027572159e+02 1.285884718498659538e+02 1.363469055374592926e+02
1.770025985937022313e+02 1.278466826538768970e+02 1.386899999999999977e+02
1.524348270574203354e+02 1.521482240437158566e+02 1.607520184544405879e+02
1.492716041312589823e+02 1.304982758620689651e+02 1.667488417459156267e+02
1.515144552826419044e+02 1.470946307094266388e+02 1.297674604991985348e+02
1.618747183415953259e+02 1.528318254390633228e+02 1.380118577075098756e+02
1.739733675972433105e+02 1.355152889539136822e+02 1.275594594594594611e+02
1.014068968305303997e+02 1.029895523457940527e+02 1.012743004230592732e+02
1.522585290422344713e+02 1.455348421679571231e+02 1.279578580481622367e+02
1.815183806421591441e+02 1.304091152575662989e+02 1.772780250673538660e+02
1.479190449542995793e+02 1.229493136219640945e+02 1.210282392026578009e+02
1.885712742980561529e+02 1.351337303735787714e+02 1.536531645569620252e+02
1.611593756242330926e+02 1.268705381371853207e+02 1.204482758620689680e+02
1.591444763170783006e+02 7.690272373540855710e+01 1.280931627349060307e+02
1.802100238663484504e+02 1.255823529411764667e+02 1.969427609427609411e+02
1.473490875058492975e+02 1.414621417797888512e+02 1.321242508989213036e+02
1.773809577212066699e+02 1.289230894839973871e+02 1.279120347187447777e+02
1.668795676788471383e+02 1.612730671452071078e+02 1.789888293118856097e+02
1.254540385657864192e+02 1.296095456383982878e+02 1.250391571881409618e+02
1.299059864988501829e+02 1.822911517277286180e+02 1.656119696543973134e+02
1.492218563239419495e+02 1.296716659910822784e+02 1.349445438282647558e+02
1.842398501872659153e+02 1.235767072029934468e+02 1.430028063610851348e+02
1.955748909355307887e+02 1.267631478415892019e+02 1.304330422125181883e+02
1.653187031128740330e+02 1.596709921600432551e+02 1.316187050359712316e+02
1.870395197886150811e+02 1.408421201014942312e+02 1.411934235976789296e+02
1.496657420823846110e+02 1.318064381270903027e+02 1.293106674984404378e+02
1.312157164869029202e+02 1.273535958904109577e+02 1.311266726137377248e+02
1.271279428006743046e+02 1.261787072243346017e+02 1.193140909090909076e+02
1.911182814402504846e+02 1.850813953488372192e+02 1.929518849206349103e+02
1.988657928910095620e+02 1.439223435604090753e+02 1.487717647058823616e+02
1.454928754963793551e+02 1.264035964035964099e+02 1.377160700969425875e+02
1.417888642522788984e+02 1.410584126984126954e+02 1.396558441558441643e+02
1.280000000000000000e+02 1.280000000000000000e+02 1.280000000000000000e+02
1.613721187584345387e+02 1.271682099148524259e+02 1.358455804046858475e+02
1.433195405480210241e+02 1.633194821799584417e+02 1.356254174032606556e+02
1.809157534246575381e+02 1.306774595267745838e+02 1.318653846153846132e+02
1.274735505713076549e+02 1.241018867924528308e+02 1.360936768149882994e+02
1.530278696268304088e+02 1.198582524271844676e+02 1.401740412979351049e+02
1.280000000000000000e+02 1.280000000000000000e+02 1.280000000000000000e+02
1.258486219662690218e+02 1.857274730372260194e+02 1.169473834104663581e+02
1.330287059878896514e+02 1.141537898205785382e+02 1.134004004004004003e+02
1.367831602315071677e+02 1.304804851358745168e+02 1.279496527777777715e+02
1.330888675008020527e+02 1.472414417677956919e+02 1.120080534612748409e+02
1.415642389136833970e+02 1.270223820943245414e+02 1.591249385145105748e+02
1.778470779561431243e+02 1.754554259300022068e+02 1.631300443060711416e+02
1.287628654470849767e+02 1.276924528301886852e+02 1.403103448275862206e+02
1.595703723691311495e+02 1.147708790281761395e+02 1.440923130923131055e+02
1.413906866614048852e+02 1.312049689440993916e+02 1.237302325581395337e+02
1.387831237322515108e+02 1.327555238774055510e+02 1.406715045960328894e+02
1.514555909815531720e+02 1.358430506478209736e+02 1.074924536760310758e+02
1.491990800632456455e+02 1.332379282218597041e+02 1.196801510700797309e+02
1.454275008713837565e+02 1.359167543398211535e+02 1.288687962461649477e+02
1.283303470601520644e+02 1.239709149918861613e+02 1.187975646879756511e+02
1.329326332651063467e+02 1.231128629615030832e+02 1.672806958849113528e+02
1.676692399629250190e+02 1.293479427549195009e+02 1.257893436293436338e+02
1.322075461274997110e+02 1.360808435852372611e+02 1.394538152610441841e+02
1.294382342470630078e+02 1.297119741100323722e+02 1.269333333333333371e+02
1.308186557700436765e+02 1.330280777537796837e+02 1.271221221221221214e+02
1.280000000000000000e+02 1.280000000000000000e+02 1.280000000000000000e+02
1.220507808182406677e+02 1.214793595981792436e+02 1.236182893539581471e+02
1.873032048973712733e+02 1.293602251407129415e+02 1.386299212598425186e+02
1.299468278731149269e+02 1.411942482341069649e+02 1.364353182751540032e+02
1.527706221427151547e+02 1.443268191268191174e+02 1.329982574060244076e+02
1.425585443037974755e+02 1.600206985769728192e+02 1.371878453038673911e+02
1.209596867749419999e+02 1.122008333333333354e+02 1.245625000000000000e+02
1.449897904352498585e+02 1.874008746355684991e+02 1.359417108251324748e+02
1.690868956940774126e+02 1.745171030903514975e+02 1.361622170632617497e+02
1.544695017848828229e+02 1.623800373501081253e+02 1.230689987725758385e+02
1.382051292805167009e+02 1.271734636442716067e+02 1.252931297709923655e+02
1.374188284613130691e+02 1.427677633611368435e+02 1.470711229946523986e+02
1.375901894627562854e+02 1.266001631986944034e+02 1.216203703703703667e+02
1.639678598437106132e+02 1.594165561938429789e+02 1.288665331391114250e+02
1.512562805597706870e+02 1.279563691838291390e+02 1.370035496957403609e+02
1.719487222315015913e+02 1.508479059515062488e+02 1.289947325769854274e+02
1.414424379232505657e+02 1.531145703611456952e+02 1.335399515738498906e+02
1.289908511228167356e+02 1.280533262935585981e+02 1.279262086513994916e+02
1.279973221117061968e+02 1.280000000000000000e+02 1.278384030418250887e+02
1.282842294623225996e+02 1.282478165938864549e+02 1.288507936507936620e+02
1.279974578964092728e+02 1.280000000000000000e+02 1.280177304964539076e+02
1.340460367327211202e+02 1.306092237282168469e+02 1.338849755700325659e+02
1.853908385834830597e+02 1.280374896569282726e+02 1.409790732436472354e+02
1.343272388965293942e+02 1.339391753687156950e+02 1.318797189308349402e+02
1.902640596469872207e+02 1.286616258909651265e+02 1.574360879904875219e+02
1.354751278475127947e+02 1.287524861878453066e+02 1.374218123496391399e+02
1.497067610062892982e+02 1.382912280701754355e+02 1.298679504814305403e+02
1.619942962590169486e+02 1.279440993788819867e+02 1.269251700680272137e+02
2.031291184327693600e+02 1.296062461726883157e+02 2.004232209737827759e+02
1.784040974920522729e+02 1.336322188449848056e+02 1.454238505747126453e+02
1.647964892755969117e+02 1.274290454313425158e+02 1.405294784580498799e+02
1.534685681024446922e+02 1.232630813953488342e+02 1.244537037037037095e+02
1.712776857679143063e+02 1.606677693082122858e+02 1.289927491033837441e+02
1.326844161020326851e+02 1.339193095559946016e+02 1.258447922761849043e+02
9.367192086096315506e+01 1.267969868173258021e+02 8.623982467125860296e+01
1.448893142835410401e+02 1.125265325812676309e+02 1.281654478976234088e+02
1.711005154639175316e+02 1.635478577939835816e+02 1.463163120567375870e+02
1.634387337927812212e+02 1.631897049390634891e+02 1.433318953895928871e+02
1.352465018656716325e+02 1.256688181615846815e+02 1.246200873362445378e+02
1.355519190016482298e+02 9.755006180469715105e+01 1.577953804347826008e+02
1.451394757433489815e+02 1.292992610837438292e+02 1.353716475095785370e+02
1.312138058084091767e+02 1.170507868122238904e+02 1.298088619673899586e+02
1.519175592340149308e+02 1.627270029673590557e+02 1.279406162464985925e+02
1.819621981397730224e+02 1.263868750000000034e+02 1.436881049016546967e+02
1.520305966343702266e+02 1.298341346153846132e+02 1.333014705882353041e+02
1.868323559639683253e+02 1.691618577246339044e+02 1.281576758692387727e+02
1.605998563218390700e+02 1.282720273738237893e+02 1.445476190476190368e+02
1.628776377152883583e+02 1.554420626033167991e+02 1.365679521550835318e+02
1.607819624097763267e+02 1.278585698070374548e+02 1.348221343873517810e+02
1.452477876106194685e+02 1.246836108676599508e+02 1.246063720452209651e+02
1.503992153016184545e+02 1.606492052831878254e+02 1.817031250000000000e+02
1.280000000000000000e+02 1.280000000000000000e+02 1.280000000000000000e+02
1.837977787552232201e+02 1.240176017601760208e+02 1.360656488549618359e+02
1.482991701785636565e+02 1.271017362168748122e+02 1.292757984386089447e+02
1.307921492921493041e+02 1.299498031496063106e+02 1.294583883751651285e+02
1.310743022136669822e+02 1.253505747126436773e+02 1.267647058823529420e+02
1.392127522344052295e+02 1.302637171980047697e+02 1.364677772906619850e+02
1.377812935750295082e+02 1.233604180714767296e+02 1.273729903536977446e+02
1.507411061071794620e+02 1.306157352219339316e+02 1.302790118330911469e+02
1.866346208706567040e+02 1.372386408147277734e+02 1.587544816835541610e+02
1.576594034271207931e+02 1.503943001030101811e+02 1.292313079689570259e+02
1.617596356916578770e+02 1.196196473551637212e+02 1.484960683760683651e+02
1.536357527996681824e+02 1.388383356070941375e+02 1.532796528447444473e+02
1.600875682878081250e+02 1.281351672337420666e+02 1.387121340687314444e+02
1.555434757030238870e+02 1.310405088717777176e+02 1.441378299120234487e+02
1.822120188778185650e+02 1.265894687162891046e+02 1.411920661157024881e+02
1.521273645831630290e+02 1.311571002979146101e+02 1.270045558086560362e+02
1.639999361348831144e+02 1.248038056967261582e+02 1.250570947210782435e+02
1.609796096708418247e+02 1.229786628733997134e+02 1.507843256379100865e+02
1.902748001184483257e+02 1.289205607476635578e+02 1.426595092024539895e+02
1.598160795912879735e+02 1.237026476578411405e+02 1.470755627009646389e+02
1.439457313162560865e+02 1.317534303105333606e+02 1.277655737704917982e+02
1.718325682874305755e+02 1.326613869369888334e+02 1.516315595880333547e+02
1.576877145481796560e+02 1.355480505702413438e+02 1.412667791769440555e+02
1.650600965281021217e+02 1.711120658789831737e+02 1.720470304678326556e+02
1.303242453748782737e+02 1.220113024757804112e+02 1.192811244979919678e+02
1.348554040895812989e+02 1.294283231972198109e+02 1.242531289111389299e+02
1.292519725913621187e+02 1.284011660188783992e+02 9.936780715396578501e+01
1.603170009865175984e+02 1.288963675213675231e+02 1.332257142857142753e+02
1.619880071446797558e+02 1.439278077082470020e+02 1.209756361667568996e+02
1.635936504154629745e+02 1.504849967907573784e+02 1.245458862292857845e+02
1.537532756745559084e+02 1.613192167082926005e+02 1.329631373407788715e+02
1.317111971315935079e+02 1.452036499115938284e+02 1.315436196319018336e+02
1.444259959937680833e+02 1.195496183206106906e+02 1.334816326530612116e+02
1.099483887210473370e+02 1.148531468531468533e+02 1.263483146067415674e+02
1.579244326889800902e+02 1.535913906695156754e+02 1.269751203469806029e+02
1.567918094585332369e+02 1.389828634604754143e+02 1.778158887317303254e+02
1.511973534599303548e+02 1.130853896455796814e+02 1.056318999379780905e+02
1.507198669419591681e+02 1.473614209270839979e+02 1.289137493658041649e+02
1.433036896650993128e+02 1.280383108402263872e+02 1.260310103002410642e+02
1.388209982788295918e+02 1.554152823920265689e+02 1.294398625429553249e+02
1.518199152542372872e+02 1.384886813808715260e+02 1.388787535410764917e+02
1.373122923588039725e+02 1.176624493927125457e+02 1.159902152641878672e+02
1.561092827004219430e+02 1.287776771974291705e+02 1.571785498489425947e+02
1.457897645854657185e+02 1.326140271493212595e+02 1.298858267716535408e+02
1.494098491317961930e+02 1.230415797317436670e+02 1.244341085271317837e+02
1.620226369332345087e+02 1.551213768115941889e+02 1.203835791429566768e+02
1.363172301092840257e+02 1.247848565710473707e+02 1.056397515527950333e+02
1.638184048586252572e+02 1.240455534229046748e+02 1.654948929961089448e+02
1.448617737003058039e+02 1.243333333333333286e+02 1.151725663716814125e+02
1.299951509463475645e+02 1.363512695476711087e+02 1.179791376912378240e+02
1.537182979323971495e+02 1.688057398327083831e+02 1.683690144119014462e+02
1.622220496894410076e+02 1.318558139534883651e+02 1.487969924812030058e+02
1.375202973127501309e+02 1.291677268162035546e+02 1.284487471526196032e+02
1.797567716970702065e+02 1.254051069703243684e+02 1.285669172932330753e+02
1.756389498853266957e+02 1.301690567828333371e+02 1.845067007699890667e+02
1.715213414634146432e+02 1.677353497164461373e+02 1.383750000000000000e+02
1.366361882143387163e+02 1.297893481717011070e+02 1.351666666666666572e+02
1.524180145675888127e+02 1.336422786931024973e+02 1.401408268733850093e+02
1.378437736993781186e+02 1.265204136690647516e+02 1.265924369747899192e+02
1.405961262553801987e+02 1.237818109293976931e+02 1.268983799705449229e+02
1.411692793091995952e+02 1.466623629719853739e+02 1.276538557213930289e+02
1.670571052658418978e+02 1.361238258469483071e+02 1.529604835245750678e+02
1.454413027542150871e+02 1.250869705787261523e+02 1.306073593073593031e+02
1.801076997408529792e+02 1.587160942592128379e+02 1.705480924234282725e+02
1.295447144543493323e+02 1.246171799027552680e+02 1.263558225508317889e+02
1.244868352502705022e+02 1.246688260388687013e+02 1.266686897536594074e+02
1.713660184237461692e+02 1.264207263064658946e+02 1.354542586750788757e+02
1.751012074345407541e+02 1.309061824470384749e+02 1.431782820097244837e+02
1.569720558882235650e+02 1.241316793893129784e+02 1.466156941649899466e+02
1.360324650811627123e+02 1.223755351681957251e+02 1.319261603375527443e+02
1.331153529250206020e+02 1.318265155248891176e+02 1.327436102236421789e+02
1.679287713841368657e+02 1.620310880829015616e+02 1.569379727685325179e+02
1.736483440263568525e+02 1.434636251541307104e+02 1.409831144465290720e+02
1.286400767018216698e+02 1.242694431661297756e+02 1.296642710472279134e+02
1.552805592065957683e+02 1.249752650176678515e+02 1.216471004243281442e+02
1.382229257269548839e+02 1.254268074862157363e+02 1.668119987661937103e+02
1.313458223605458386e+02 1.331699140401146053e+02 1.243594730238393993e+02
1.208710003368137365e+02 1.216260667183863404e+02 1.224399260628465811e+02
1.343324899367452474e+02 1.218195028680688381e+02 1.304482758620689538e+02
1.801034405500399203e+02 1.288396138142225311e+02 1.344066186107470458e+02
1.638273099968464237e+02 1.496270203066721933e+02 1.195093127809890774e+02
1.564748449345279084e+02 1.308464419475655518e+02 1.353555555555555543e+02
1.280000000000000000e+02 1.280000000000000000e+02 1.280000000000000000e+02
1.280000000000000000e+02 1.280000000000000000e+02 1.280000000000000000e+02
1.480811606391926034e+02 1.470235783633841891e+02 1.220026881720430083e+02
1.244120462046204665e+02 1.323012797074954392e+02 1.251358974358974336e+02
1.267984368277642346e+02 1.231625198517734248e+02 1.220558375634517745e+02
1.551857368006304227e+02 1.279697062423500569e+02 1.518861267725952473e+02
1.940245989784030769e+02 1.305438231575512873e+02 1.453956725407093415e+02
1.736350577599196470e+02 1.331136476426798936e+02 1.325081723625557117e+02
1.543571022727272748e+02 1.335208085612366347e+02 1.400913705583756439e+02
1.696764525619024369e+02 1.339155854820167519e+02 1.375815864022662822e+02
1.315350098619329344e+02 1.300488305761551544e+02 1.319214486522242566e+02
1.458375016254171896e+02 1.283557798454502574e+02 1.331131386861313786e+02
1.315901376881203930e+02 1.246599616858237596e+02 1.176326530612244881e+02
1.543875338753387609e+02 1.344789915966386502e+02 1.511305555555555600e+02
1.867684746055014102e+02 1.858454291334506649e+02 1.357198739340007307e+02
1.769727983797751278e+02 1.287320671621249630e+02 1.363912647861692449e+02
1.569092172301991752e+02 1.262061152061152001e+02 1.483854642313546321e+02
1.264269704027999666e+02 1.689178156690873038e+02 1.326220881863560805e+02
1.032371737173717321e+02 1.268862512363996018e+02 9.357575757575757791e+01
1.680125025760802373e+02 1.786098882102108973e+02 1.292184637068357915e+02
1.387485658267373481e+02 1.465306415968007627e+02 1.186718750000000000e+02
1.738234837565140367e+02 1.676764495347172499e+02 1.260372871403405810e+02
1.600567025532257617e+02 1.235687079774668433e+02 1.235251932933715580e+02
1.505653914067098356e+02 1.522722672064777214e+02 1.252041984732824460e+02
1.331676010277972466e+02 1.322466639708855780e+02 1.327912621359223238e+02
1.893217307486344509e+02 1.310007782101167209e+02 1.822704714640198631e+02
1.298065342729019847e+02 1.508335889570552126e+02 1.455748373101952211e+02
1.835433450087565745e+02 1.570767195767195687e+02 1.380705754614549505e+02
1.364125250724314640e+02 1.350512578616352073e+02 1.262948787061994551e+02
1.644566837953246079e+02 1.526247251818028019e+02 1.487819548872180349e+02
1.796297306512103660e+02 1.276356228172293328e+02 1.194413518886679952e+02
1.679675999664682422e+02 1.750852965923432976e+02 1.285576404615550530e+02
1.688350643955130863e+02 1.517889659330720633e+02 1.478345506510003133e+02
1.769453119625782449e+02 1.393678650036683848e+02 1.365494652406417231e+02
1.609069481857075061e+02 1.223294142085583758e+02 1.764921030756442235e+02
1.560142620917734462e+02 1.370412710007304611e+02 1.505106951871657657e+02
1.440588699494949481e+02 1.431094383323682564e+02 1.388618381010346923e+02
1.403669291338582639e+02 1.389171400859083008e+02 1.204142229777588824e+02
1.642199296225207945e+02 1.392031250000000000e+02 1.129979819931698160e+02
1.915054577856983826e+02 1.341699898614396886e+02 1.660835030549898192e+02
1.586488510287500446e+02 1.340151834034876686e+02 1.341293920803123285e+02
1.222576162215628131e+02 1.387373777490939801e+02 1.257884054448225584e+02
1.833691857313238529e+02 1.791121854468823642e+02 1.577009803921568505e+02
1.382800035015027333e+02 1.240823071937783482e+02 1.218538461538461490e+02
1.548442323884367227e+02 1.286514522821576634e+02 1.279547079856972545e+02
1.651643736422881830e+02 1.218667719852553972e+02 1.418984126984126988e+02
1.552766072980017498e+02 1.528010393466963706e+02 1.304719101123595522e+02
1.490404530744336569e+02 1.414968496849685096e+02 1.503563218390804650e+02
1.469992561368708266e+02 1.341159062885326705e+02 1.360033112582781598e+02
1.329411502877308919e+02 1.658315278536757944e+02 1.274872546808030620e+02
1.424762165117550694e+02 1.269778812572758966e+02 1.304065155807365386e+02
1.597568329863676126e+02 1.264177827799662310e+02 1.627056411938340545e+02
1.614580152671755684e+02 1.294776403425309184e+02 1.346876166770379655e+02
1.700281872537403842e+02 1.757780025430586193e+02 1.303234672304439812e+02
1.528750000000000000e+02 1.530000000000000000e+02 1.287506361323155204e+02
1.749159134073589428e+02 1.412566517442351426e+02 1.424785118299234057e+02
1.654315520446096741e+02 1.621060433835369849e+02 1.348595622119815687e+02
1.397903780068728565e+02 1.355044212218649591e+02 1.271445255474452551e+02
1.511531179254990604e+02 1.300925568839182347e+02 1.490139263252470698e+02
1.418559421999410119e+02 1.407095004897159640e+02 1.249811058074781158e+02
1.409335121139263833e+02 1.183696629213483078e+02 1.172270058708414808e+02
1.258975487115021963e+02 1.452956705385427654e+02 1.242076023391812925e+02
1.576459630084125649e+02 1.534863532596617972e+02 1.407252411653497575e+02
1.975577002053388185e+02 1.986431172614712182e+02 1.787451737451737586e+02
1.415704879401164362e+02 1.174592252803261943e+02 1.239304042179261813e+02
1.522845575477154512e+02 1.299766763848396636e+02 1.487605633802816953e+02
1.562496111975116548e+02 1.295363505055368307e+02 1.513103038936372400e+02
1.372723963934155051e+02 1.166566221142162760e+02 1.315769230769230660e+02
1.378537935525887406e+02 1.434447996065896120e+02 1.246959381044487429e+02
1.421010156464452336e+02 1.268211256746337767e+02 1.384411027568922350e+02
1.687417297728178482e+02 1.377728694292415810e+02 1.485554866707997519e+02
1.560228060894609996e+02 1.275689789555728737e+02 1.236510869565217376e+02
1.828398718975180088e+02 1.881476985331310061e+02 1.363747228381374725e+02
1.270437405731523342e+02 1.583848462115528832e+02 1.189521531100478455e+02
1.673098702320094446e+02 1.249016115351993221e+02 1.257472527472527446e+02
1.890323823109843033e+02 1.307531487889273478e+02 1.246152219873150102e+02
1.567129265091863601e+02 1.471150420583869334e+02 1.501316187594553639e+02
1.679866258459555297e+02 1.359537953795379508e+02 1.518586080586080698e+02
1.566649443561208273e+02 1.433790365272631107e+02 1.508529411764705799e+02
1.318020139955623904e+02 1.535669064748201436e+02 1.314724669603524205e+02
1.477259297654528893e+02 1.652449091909741412e+02 1.330511200459505972e+02
1.702367371971787691e+02 1.729384309831181668e+02 1.583080040526849075e+02
1.284960422163588305e+02 1.271648768161718266e+02 1.209824561403508767e+02
1.560627059598907920e+02 1.159737730751913602e+02 1.350491898148148096e+02
1.709402835904803624e+02 1.283068838675775112e+02 1.269646719538572484e+02
1.407772966647162036e+02 1.366619931410127151e+02 1.433571678934455065e+02
1.275332919447462388e+02 1.500638440860215042e+02 1.273522727272727337e+02
1.368729143443565590e+02 1.290367908979743845e+02 1.158888271261812122e+02
1.531605468749999943e+02 1.312590476190476352e+02 1.329198813056379720e+02
1.288264179897302597e+02 1.294922335297268319e+02 1.302034764826175888e+02
1.454938858220948816e+02 1.436873659904337899e+02 1.243407621247113184e+02
1.554561737804878021e+02 1.267207328833172681e+02 1.251897321428571388e+02
1.434306893995552343e+02 1.421874403512120750e+02 1.286214319138979931e+02
1.138039215686274446e+02 1.141061452513966543e+02 1.440605296343001385e+02
1.080385270327799105e+02 1.109939558149228844e+02 1.026226993865030721e+02
1.120459649122806951e+02 1.171592797783933548e+02 1.174296296296296305e+02
1.668625194401244300e+02 1.276743097800655136e+02 1.275449101796407234e+02
1.490515518148343119e+02 1.484234724742891842e+02 1.395545212765957501e+02
1.050525664811379158e+02 1.074772568229531089e+02 1.123844731977818867e+02
1.275330985915492903e+02 1.820104360790160172e+02 1.334939271255060760e+02
1.587885521885521882e+02 1.372043478260869449e+02 1.422180094786729967e+02
1.356020539152760023e+02 1.281167883211678884e+02 1.362944983818770197e+02
1.436394557823129219e+02 1.229986449864498610e+02 1.241837899543378967e+02
1.401133984296355948e+02 1.455617951400999743e+02 1.383547720364741735e+02
1.368507005253940463e+02 1.373052325581395223e+02 1.348042168674698758e+02
1.852328952828883644e+02 1.492520311858842774e+02 1.528270042194092753e+02
1.718425158980387835e+02 1.289584221748400807e+02 1.286623616236162491e+02
1.653348643006262932e+02 1.757460757156048032e+02 1.251223506743737914e+02
1.514584304584304562e+02 1.166474114441416958e+02 1.399518980759230260e+02
1.465205145056802110e+02 1.263048423789405206e+02 1.290000000000000000e+02
1.437321110715557211e+02 1.316240023218691135e+02 1.277059432118634277e+02
1.731217528923815792e+02 1.321513454939498047e+02 1.367163043478260818e+02
1.587355177407675626e+02 1.367791185729275867e+02 1.498777335984095487e+02
1.764533529709577806e+02 1.303578732106339544e+02 1.783960216998191584e+02
1.484512299216264353e+02 1.226806210146936564e+02 1.478935817805383124e+02
1.335740740740740762e+02 1.265981675392670098e+02 1.369458483754512770e+02
1.765378506519162443e+02 1.366145619909050026e+02 1.672532911016529624e+02
1.488916895432992362e+02 1.533174946004319565e+02 1.327908986907334565e+02
1.382919113721302722e+02 1.416517371285056583e+02 1.407637524557956681e+02
1.878350824587706143e+02 1.773775100401606437e+02 1.380510204081632537e+02
1.379785689321005293e+02 1.379444378289552162e+02 1.206533073297578369e+02
1.764147251128096627e+02 1.329773331467748676e+02 1.819435316499481132e+02
1.758104238258877388e+02 1.923233951114692388e+02 1.304102348993288558e+02
