6.407277227722772750e+01 1.260287081339712927e+02 1.878450704225352013e+02
1.562998685939553241e+02 2.345965790571547700e+02 9.853333333333333144e+01
1.847063218390804593e+02 2.415166157372039777e+02 1.392798605056669601e+02
8.901324828263003042e+01 1.589441624365482255e+02 7.603947368421052033e+01
2.064680260084590557e+01 7.309087287755812667e+01 1.560686178061977500e+02
1.439448564365848995e+02 1.693598933649289222e+02 7.873605947955390150e+01
5.811066109223935428e+01 1.867420744844567650e+02 4.062051282051282186e+01
2.026753765823137030e+02 5.927636034465417225e+01 1.445630723579870107e+02
2.420355555555555611e+02 2.124526112185686770e+02 1.310341880341880483e+02
4.709575480677708015e+01 1.012659517426273510e+02 6.800000000000000000e+01
6.921991084695393681e+01 2.274187408491947338e+02 1.466034482758620641e+02
1.207920910724985077e+02 2.241587301587301511e+02 6.191722810394610121e+01
3.819301956636699913e+01 5.513079019073569498e+01 1.015107187894073206e+02
9.931223728015604024e+01 1.837374339857098562e+02 1.195404607206142913e+02
8.166750117920250318e+01 1.954978490768955055e+02 1.247957057151878786e+02
1.375760586013314821e+02 2.282561389228055759e+02 1.034759825327510896e+02
7.678422949686466836e+01 1.648470223325062136e+02 4.949586776859504056e+01
1.439001104623638980e+02 9.486427178153445539e+01 9.476311288483466910e+01
8.626445086705201959e+01 1.726560117302052788e+02 7.582112211221122777e+01
1.360302724520686297e+02 1.852501966955153421e+02 2.189407216494845443e+02
6.313977528089887414e+01 3.930294117647058982e+01 1.278267857142857196e+02
6.093333333333333002e+01 1.438720292504570466e+02 1.053862212943632528e+02
1.161077216396568161e+02 1.824365284974093129e+02 2.372843137254901933e+02
1.021082791937364647e+02 1.974039244724176285e+02 1.268542600896860932e+02
1.272288091251569710e+02 1.849971578947368300e+02 8.274900924702774319e+01
8.357696796783815785e+01 1.217595557851239647e+02 2.220802348336594889e+02
1.189191149698921777e+02 2.440555961366772237e+02 8.750377687391051040e+01
1.116134481616429213e+02 1.117649492583918800e+02 2.104584935064935109e+02
7.225923152945404127e+01 1.820654988575780635e+02 1.199005449591280694e+02
1.169346961953435482e+02 2.423794100636205826e+02 1.402610415293342214e+02
8.541569965870307612e+01 7.640364880273659764e+01 1.741032608695652186e+02
4.750004978592053817e+01 2.342239583333333428e+02 5.063670411985018660e+00
6.899899067862020274e+01 1.169874021759877820e+02 8.592683461117195520e+01
5.370811013499035624e+01 2.420246106517977225e+01 1.341599205743088419e+02
5.253184824225548510e+01 1.279568965517241423e+02 1.287866666666666617e+02
5.948599234923492673e+01 1.448552711391483570e+02 2.374362416107382501e+02
8.863341188075405341e+01 1.845742548483665360e+02 8.669423332447514952e+01
7.733739677546205371e+01 5.831508805330794587e+01 1.715315757204169245e+02
5.240910253132191343e+01 7.611950856291883838e+01 1.789770843490979928e+02
1.301033964532611833e+02 9.703815153143470695e+01 2.250068965517241395e+02
2.013543921469922111e+02 1.142952276767400548e+02 7.002337472607743507e+01
6.441154328732747558e+01 9.065714285714285836e+01 1.594661016949152668e+02
8.696065057712486635e+01 5.717252396166134076e+01 1.882522686025408234e+02
7.727479033053774060e+01 6.839323126510878126e+01 1.573587570621468785e+02
6.456379498364231040e+01 1.357049504950495020e+02 6.147144340602284274e+01
1.504557422969187712e+02 2.268497474747474882e+02 9.221204188481675601e+01
1.412814191220685416e+02 2.267938931297709928e+02 5.531836734693877844e+01
1.358186024988431200e+02 2.466204545454545496e+02 1.752376237623762449e+02
1.376528545491224520e+02 2.500851573187414374e+02 1.854933800623053060e+02
1.364903061224489704e+02 2.453228070175438518e+02 1.686150442477876084e+02
1.245539634258071544e+02 2.229383284387649837e+02 7.967199017199017419e+01
3.814217379750199655e+01 1.250087976539589505e+02 2.095714285714285836e+02
1.179708728374547917e+02 2.390317841079460379e+02 5.228497409326424616e+01
7.551097482246611037e+01 1.740663449939686416e+02 2.056430817610063002e+02
2.158199321333726743e+02 1.299295701708959143e+02 6.186911764705882177e+01
1.174609523809523779e+02 2.163228915662650707e+02 1.026661264181523450e+02
5.951893539688122559e+01 2.032335439705107945e+02 4.038884758364311978e+01
5.752114661654135652e+00 2.085064059339177334e+01 9.398100263852242620e+01
1.650596463654223953e+02 1.351381863047501497e+02 2.441522911051212930e+02
6.427323016848652060e+01 1.293376084985101784e+02 2.403236714975845416e+02
8.965194908512330585e+01 1.485845990815966218e+02 1.007179115300942698e+02
1.117357060778285103e+02 1.919981927322016304e+02 8.565515793892328134e+01
1.370631121882258014e+02 1.206976497784627185e+02 6.086397058823529704e+01
2.522900279116975355e+02 9.568796234028245351e+01 1.637307692307692264e+02
1.015859410049349520e+02 2.159434944696059517e+02 1.196284752452260705e+02
8.312332478945441494e+01 1.614517583408476185e+02 1.208975741239892159e+02
6.956814159292035527e+01 1.779192364170337726e+02 3.541578947368421382e+01
4.340984675578741303e+01 5.201489971346704522e+01 1.279492187500000000e+02
1.210714918308138692e+02 2.442037093964545420e+02 1.469852302345786370e+02
3.355368491470620995e+01 1.114036021285304940e+02 1.727396449704141901e+02
4.168938096758278533e+01 1.573957568704681762e+02 5.337946666666666573e+01
1.290876601483479362e+02 1.214341197822141538e+02 2.329397007042253449e+02
9.122716606498194380e+01 6.519868569668344094e+01 2.339824561403508767e+02
1.178197658880752527e+02 2.108225231215619999e+02 1.191803682661373074e+02
8.169443536970489106e+01 1.646153354632587877e+02 5.963014705882353184e+01
5.128672262495231138e+01 2.140049606069448487e+02 1.361996353691886839e+02
1.567246828399732976e+02 4.956651492159838313e+01 2.205900655021833927e+02
1.033973241435232069e+02 2.147597323600973311e+02 7.805331179321485990e+01
3.946290103162906604e+01 1.234593347433185926e+02 5.329306147291539730e+01
5.051684173384360577e+01 1.063743296805782279e+02 2.130684343926691326e+02
8.866131763567453561e+01 1.783996858364604350e+02 4.091363251481794805e+01
1.039871925188046333e+02 1.951299785867237802e+02 1.228963929393706849e+02
7.347217306671385018e+01 1.717323882790215350e+02 6.363903939083321148e+01
1.710684138869979449e+02 2.483718505647263157e+02 9.552892561983470898e+01
1.222954838247924414e+02 1.943220864843901552e+02 1.393251595566005960e+02
4.062148217636022451e+01 1.228073089700996690e+02 1.992833333333333314e+02
7.512401850314316221e+01 1.357638825498250412e+02 1.013379077615298058e+02
1.587150740633168766e+02 2.369760061919504608e+02 1.365137362637362628e+02
6.574927897541184052e+01 1.167897732247614044e+02 3.966938008766437207e+01
6.176235234345230651e+01 1.269954053167049608e+02 7.515750915750915340e+01
9.113996081437942109e+01 1.676970741482965934e+02 5.935063943500668415e+01
8.850541262477155158e+01 6.997887194561822355e+01 1.625217105263157862e+02
6.558317600167821126e+01 1.345635521885521939e+02 2.116120689655172384e+02
1.184620270989141630e+02 8.109628180039139522e+01 5.496263227513227179e+01
1.034482802026623034e+02 1.418180362005446113e+02 2.427805825242718356e+02
8.433372746083358606e+01 1.034054753977062546e+02 1.734332648870636433e+02
7.252254116800143890e+01 6.745941700122185125e+01 1.713748095479939195e+02
1.773650234741784004e+02 2.383714285714285666e+02 9.110775047258978532e+01
1.256305411070568994e+02 6.978379530916843976e+01 3.060430769230769243e+01
1.058498086016662967e+02 1.753875312680392540e+02 8.887591009813232290e+01
4.415189266890273245e+01 1.105259570005243859e+02 2.700607902735562149e+01
5.564591271215795132e+01 7.170880211780277591e+01 1.360887986070806619e+02
1.081266646020439737e+02 2.342979737783075223e+02 1.761994535519125691e+02
4.273196740953750350e+01 1.316759098786828304e+02 2.671808510638297918e+01
8.088610340041637414e+01 2.059646865589926108e+02 1.399010380622837317e+02
3.652276617596713493e+01 7.542664092664092834e+01 2.021285714285714334e+02
1.151202790033502339e+02 1.721747819366236172e+02 1.881092369477911745e+02
7.021679389312977548e+01 1.593152080652080542e+02 6.571743318083312602e+01
1.461382510297807755e+02 2.445507565337001381e+02 9.073523421588595284e+01
7.159487820112430256e+01 1.154472663139329853e+02 1.627761194029850742e+02
1.182406956698103642e+02 1.068062581686783972e+02 1.974552916183854734e+02
8.513758873873189259e+01 1.888287196641294372e+02 1.143098772023491705e+02
5.514190384712603077e+01 1.228625525946704045e+02 4.467496111975116690e+01
1.554565344508332601e+02 2.083118632928031673e+02 1.093251605370694648e+02
1.405734748689090736e+02 1.775056489391016896e+02 2.261188720173535671e+02
5.637256763170384488e+01 1.308405438813349804e+02 2.904693877551020265e+01
5.603907200778878206e+01 1.445635901829977286e+02 2.266150375939849653e+02
1.526183326183326301e+02 1.879143167028199457e+02 7.733673469387754551e+01
6.929463047354863647e+01 1.475148127445500279e+02 7.983870967741935942e+01
9.578681782230424346e+01 3.969681156095882812e+01 2.201355450236966931e+02
1.294907371421168421e+02 2.207252150893448004e+02 7.642940771349861961e+01
6.842610947406018340e+01 9.343167155425220471e+01 1.944920203735144355e+02
9.279309625612681600e+01 1.140673984632272209e+02 2.217864103239399469e+02
1.272430870821295912e+02 2.336480484522207348e+02 1.701446945337620491e+02
7.135562587904360043e+01 1.708706073166336239e+02 8.974710651729900235e+01
6.898889153376180161e+01 1.450987241798299010e+02 9.685487528344671659e+01
4.934955698507100408e+01 1.233856456043956058e+02 2.069724770642201861e+02
4.588294733736539399e+01 8.825690513748415356e+01 2.805325214503183062e+01
1.246361367606688333e+02 2.388378746594005406e+02 6.151232876712328590e+01
4.497819080208437015e+01 1.242845388508279711e+02 5.720381082000680806e+01
2.163415178571428612e+02 9.527239779646274087e+01 7.357864523536164825e+01
1.198145357855085251e+02 1.333513587702443033e+02 2.218473743860974707e+02
7.528543991220047360e+01 1.640717468805704016e+02 2.415135135135135158e+02
1.365549180327868726e+02 1.230563106796116557e+02 2.399379474940334092e+02
1.517156014905434915e+02 7.295342628300207366e+01 3.450650684931506618e+01
1.516852994809931374e+02 2.415859408858455311e+02 1.606834938235580239e+02
8.916153017241379075e+01 1.719921805723498665e+02 7.331545383069800437e+01
1.217725930301240425e+02 1.935069990176817214e+02 1.200433766233766164e+02
9.789003340757238902e+01 1.898077166350411176e+02 1.275352697095435701e+02
1.168431952662721898e+02 1.943993471164309028e+02 1.349182968929804360e+02
5.170596085409252396e+01 2.419316688567674234e+01 1.767571428571428669e+02
8.062864583333333712e+01 7.280786416443253017e+01 1.763561643835616337e+02
1.107283480089367913e+02 1.998110236220472302e+02 8.409535129424195077e+01
1.038091929449492312e+02 8.873818581452363219e+01 1.529163321737579224e+02
1.627760345892526175e+02 1.276376146788990837e+02 6.261397058823529704e+01
6.153600031101780843e+01 1.601587493290391819e+02 4.392299733963937314e+01
1.092702269425379455e+02 1.615765412748171457e+02 1.832693066053236919e+02
9.111411309992870144e+01 1.962458904109589071e+02 2.430019531250000000e+02
2.671698698078115441e+01 3.769059829059828814e+01 1.194032258064516157e+02
2.321068119891008052e+02 1.116696371737746603e+02 1.240418719211822633e+02
1.880067650676506901e+02 8.802141327623125733e+01 1.348825065274151314e+02
5.287709658762290132e+01 2.286533637400227974e+02 1.231715481171548134e+02
1.246426131511528581e+02 2.286281833616298798e+02 1.501704180064308787e+02
6.363151548369416588e+01 1.376304488065616169e+02 2.152979797979797922e+02
8.769704931285367877e+01 1.999483663943990734e+02 1.418930602957906615e+02
5.707645939086294362e+00 2.376762067492524722e+01 2.218129713423830935e+02
1.053454396224479268e+02 1.585774171737660652e+02 9.899530685920578321e+01
2.354661818181818091e+02 1.434078841512469751e+02 1.527975903614457991e+02
7.513018149226977016e+01 2.251914754098360731e+02 1.396999999999999886e+02
7.911737751145575714e+01 2.268479355488418889e+02 1.519257142857142924e+02
7.876612094888072590e+01 2.226085972850678729e+02 1.516833333333333371e+02
6.701853932584269558e+01 2.261161178509532022e+02 1.442208588957055326e+02
7.131635641079272148e+01 6.045144142302187618e+01 2.154237396298659917e+02
7.816448152562574592e+01 2.089390018484288305e+02 1.463345195729537238e+02
8.785719322990127012e+01 1.052023096663815238e+02 1.666879783881134642e+02
8.046694429984383135e+01 4.200718232044199141e+01 1.235859375000000000e+02
1.396461274404634310e+02 2.335345747637576324e+02 1.715951255001818936e+02
6.572846991329291200e+01 1.429749906402096542e+02 5.988101464435146681e+01
5.326692886456908127e+01 4.391665014866204331e+01 1.242981898238747505e+02
8.490675990675990192e+01 1.760572390572390589e+02 1.160870337477797563e+02
5.814918381831085981e+01 1.210970749776472104e+02 4.806522522522522678e+01
1.131215513164117965e+02 9.020115100027405219e+01 2.037254722730042715e+02
4.210429895628056585e+01 1.139108013937282209e+02 2.403401360544217766e+02
1.210657967488665321e+02 2.177598475222363277e+02 8.354285714285714448e+01
2.890707751564756833e+01 1.569870217050794281e+02 1.978444704962876131e+02
1.178832293832293772e+02 1.924892877822814228e+02 8.500755287009063466e+01
1.034556883024251022e+02 1.871300948261520603e+02 7.892398119122256617e+01
9.003318929435985751e+01 1.637941517081644349e+02 2.301789473684210634e+02
7.736052817731666664e+01 1.930409207161125380e+02 1.323648393194706898e+02
1.957277603933839885e+02 1.876818181818181870e+02 2.461796585003712039e+02
3.796380591117433312e+01 1.081215900233826943e+02 5.859868421052631504e+01
8.533561643835616906e+01 1.789730434782608768e+02 1.360581592320722848e+02
1.031618411662758632e+02 1.789265264758044225e+02 8.778293877551020330e+01
1.044335957556049976e+02 2.035205702647657802e+02 2.378807763401109128e+02
8.233540729395998881e+01 1.752677006747910298e+02 1.201525704809286879e+02
1.032852759588400318e+02 2.126968433591423491e+02 1.290134529147981937e+02
1.080130924233334468e+02 6.827917754221488167e+01 1.899969302325581282e+02
7.435909418812534000e+01 1.681353343865192187e+02 9.767698519515478495e+01
8.644405030635279275e+01 2.053043043043043099e+02 1.059778085991678154e+02
1.477018212621770488e+02 2.022411994784876015e+02 7.779032258064516725e+01
6.040654255891531221e+01 1.307195540308747752e+02 1.734093067426400694e+02
1.254654548502927014e+02 2.491664420485175242e+02 1.915243818681318544e+02
8.959756925165031305e+01 1.655275449101796426e+02 1.485802469135802539e+02
8.620702498280999748e+01 2.018782358581016183e+02 1.268528752800597488e+02
1.071419715754460213e+02 6.351993193971803464e+01 1.849388131220051719e+02
3.755246559633027204e+01 7.510627674750357130e+01 1.888000000000000114e+02
1.175473829664071133e+02 1.926116452268111061e+02 2.223923880997051867e+02
2.160261829063026084e+02 1.027620084020853426e+02 8.861255433657628089e+01
7.318387096774193878e+01 5.637694194603434283e+01 8.880705009276438489e+01
1.476815695151858279e+02 2.488718048024786924e+02 1.736279069767441854e+02
7.013728752508532693e+01 1.402528120319918514e+02 2.280913490623109396e+02
1.193619364754098342e+02 1.278968876860622430e+02 2.283567948933310845e+02
1.489158186864014795e+02 1.660333500083374929e+02 7.241713301764958999e+01
5.775108637645803356e+01 7.816121320782907844e+01 1.840399190581309767e+02
8.231127555043367749e+01 1.841482935153583753e+02 2.241445783132530210e+02
1.817553025577042902e+01 5.735999999999999943e+01 1.370314136125654443e+02
1.252983290057793795e+02 4.492160148154680854e+01 5.100320022262418540e+00
7.222895277207392439e+01 1.417708287776077043e+02 1.100389429763560543e+02
1.132612481857764806e+02 2.245166846071044233e+02 7.512155388471177275e+01
1.608384845463609167e+02 2.326549707602339083e+02 9.058006042296072735e+01
1.492876080691642642e+02 1.040915948275862064e+02 2.151037037037037010e+02
7.274475275702596377e+01 1.708533362218370826e+02 4.512186379928315461e+01
6.535135135135135442e+01 1.334418994413407802e+02 1.510737564322469950e+02
9.019477828429340605e+01 1.027316326530612258e+02 1.410869905956112973e+02
5.191472172351885206e+01 1.108479087452471532e+02 1.785110663983903478e+01
4.133111671634946305e+01 5.215936555891238413e+01 1.295496166720656390e+02
1.323786129293226566e+02 2.241595137682957102e+02 8.408775923115831574e+01
1.046680567879325707e+02 2.002930513595166246e+02 8.966807610993657818e+01
4.480288847285370224e+01 1.355337423312883516e+02 8.858210784313725128e+01
1.400384302745664797e+02 2.239689162936058722e+02 2.058317349607672213e+02
1.342628683693516791e+02 2.186123101518784893e+02 5.548943820224719303e+01
1.410686046511627865e+02 2.480101713062098554e+02 1.802196647485614278e+02
1.100267465653317771e+02 2.331339880743598769e+02 1.584614285714285700e+02
7.405941634113514738e+01 2.098074643249176745e+02 1.345087853323147442e+02
1.832404948280682078e+01 4.933697319736485554e+01 1.015498059508408772e+02
8.801839303000967618e+01 8.298636926889714971e+01 1.923031055900621027e+02
2.371305633992201223e+01 9.550899593731863035e+01 5.812350299401197873e+01
1.201318842362007899e+02 1.945646900931275525e+02 7.825183773482167737e+01
1.045417198808003434e+02 8.606241473396998742e+01 1.445493827160493936e+02
5.501963594668195157e+01 4.405656596794081281e+01 1.356639150943396146e+02
6.545284531124765692e+01 2.154910836762688575e+02 1.426068601583113491e+02
2.099403655978423728e+02 1.285251421075645055e+02 2.354391304347826122e+02
1.046897659994361476e+02 2.230605977765627870e+02 2.460267137096774093e+02
8.663307958477508919e+01 1.597457061068702160e+02 7.255277044854881296e+01
1.769103422619047592e+02 2.439321922317313920e+02 9.562385321100917679e+01
6.840656271817546497e+01 1.787929813468226428e+02 4.762179487179486870e+01
1.269669357764876594e+02 8.172340020314881315e+01 2.310372057706909743e+02
6.540318984736751418e+01 8.401714530647235790e+01 1.619911986588432455e+02
4.229410446088321152e+01 1.555129913391072591e+02 2.507750759878419444e+01
1.361990158115521012e+02 9.309355390758699400e+01 3.866317088217149944e+01
5.169138001918596359e+01 7.166552147239264059e+01 1.334928445895054097e+02
1.799261517282068894e+02 1.193462312335551729e+02 2.370075423645802744e+02
8.073864196314181640e+01 1.978875959395890050e+02 1.347142857142857224e+02
7.427270794013662680e+01 1.545730367435158428e+02 3.286741859970206292e+01
1.390469542232368099e+02 2.151969618415595278e+02 1.129641391614629811e+02
2.565803183791606301e+01 3.681507676384336492e+01 1.008078087167070152e+02
1.101825762513766875e+02 2.128340694006309093e+02 8.222799605689338875e+01
8.863736730360933791e+01 1.497394230769230887e+02 8.205184331797235586e+01
1.352399489845972766e+02 3.252712569678888599e+01 1.684078389830508513e+02
8.368239510228460176e+01 1.061230324445872100e+02 1.876270574066639938e+02
8.102303006703195365e+01 1.667195121951219505e+02 3.026878208119458336e+01
1.385119740711841985e+02 1.251781639692226094e+02 2.136611433305716616e+02
1.681999422132331574e+02 1.124873867731567145e+02 2.194693439607602556e+02
1.194832635983263600e+02 2.445269645608628650e+02 1.637248520710059267e+02
1.526881216417057203e+02 2.436620000000000061e+02 1.631512243547319656e+02
1.233786873156342239e+02 2.359493677288821516e+02 1.528172630881378495e+02
4.363019218846869052e+01 2.369261778785588390e+01 1.041608643457382897e+02
3.489211942371115782e+01 9.831398713826366986e+01 2.193441558441558357e+02
4.072538557732388398e+01 2.653872932985204613e+01 1.404572286858668804e+02
2.915686274509803866e+01 6.323170731707317316e+01 1.875381715362865123e+02
9.053095684803001575e+01 1.694634597594819638e+02 7.344996642041638779e+01
2.431439393939393767e+01 1.172190354790737210e+01 1.234934025524551089e+02
3.710641453466814710e+01 9.493023255813953654e+01 2.091915641476274246e+01
7.442632178092587480e+01 1.638016282225237319e+02 2.080939265536723042e+02
1.387219333129397398e+02 2.181758402338041947e+02 1.020599483204134401e+02
1.028804804804804860e+02 1.832022727272727138e+02 2.333232758620689538e+02
7.409295539808253750e+01 1.300361516034985527e+02 8.837942122186494487e+01
1.011276758409785970e+02 4.777611363703901759e+01 2.094324198359433353e+02
1.298092695429303660e+02 7.872655086848635619e+01 2.328838323353293447e+02
1.048658436213991791e+02 1.195343511450381726e+02 1.415665024630541780e+02
1.064033456698741702e+02 2.144596050269299781e+02 5.023316686757361538e+01
1.056660156250000000e+02 2.222130081300813060e+02 7.245773195876289208e+01
1.357617151887193927e+02 2.297022368151036460e+02 8.340232312565997574e+01
4.106110214433940797e+01 1.514434137291280251e+02 9.553156822810591109e+01
4.677456728084868587e+01 1.312848562848562892e+02 2.833811362382790833e+01
1.952690521715378225e+01 5.085803571428571246e+01 2.234782608695652186e+02
9.507230862452030351e+01 1.128072345390898477e+02 1.762976480129764809e+02
1.411629599676506359e+02 2.391551383399209385e+02 1.389583931133429076e+02
6.318827780008028583e+01 1.436892628205128233e+02 1.729227769110764541e+02
1.433959956212022746e+02 2.171005168127698539e+02 1.215570664807066521e+02
1.713184782608695684e+02 1.221994949494949481e+02 7.455252918287938257e+01
1.620986328125000000e+02 9.944444444444444287e+01 1.166461824953445046e+02
7.615563839701771087e+01 1.887937853107344495e+02 5.434712230215827589e+01
5.867375886524822448e+01 1.585254027261462113e+02 1.020125391849529848e+02
3.217633901825298892e+01 1.183382827630729572e+01 1.085755201044873530e+02
1.361705566484129974e+02 2.271520447396015356e+02 1.641088019559902307e+02
5.517758271438217577e+01 1.335092647937836148e+02 6.643941841680128846e+01
1.313247626582278542e+02 2.385250875145857776e+02 1.723719008264462786e+02
1.012718100890207751e+02 1.969255663430420782e+02 7.893150684931507044e+01
6.321754385964912615e+01 1.351163530347203903e+02 8.428208637469586506e+01
1.157692604749951784e+02 2.248425907359133760e+02 7.859498207885305021e+01
6.128974789915966426e+01 1.693871829105474092e+02 1.100236842105263122e+02
1.209327124563445892e+02 2.086766917293232950e+02 1.683865877712031534e+02
1.130820879882639360e+02 2.004410828701149967e+02 1.343425893786879612e+02
6.100369761709120553e+01 4.585082872928176556e+01 1.399108187134502828e+02
7.316667932842057098e+01 1.847344856661045469e+02 8.703417602996255198e+01
1.507054169202677940e+02 6.395283842794759721e+01 2.376655405405405475e+02
1.269416752312435790e+02 2.381162606978275278e+02 1.819651338107802587e+02
1.536668799317551759e+02 2.239133466135458264e+02 1.393111702127659441e+02
7.833314794215795018e+01 1.946622596153846132e+02 1.267415966386554658e+02
1.044815746203694715e+02 1.567705743043220821e+02 6.757812500000000000e+01
8.787361053931658716e+01 1.107318271119842876e+02 2.270178394449950474e+02
9.281769512538743072e+01 1.241443471005423476e+02 1.799096901779828670e+02
1.377909628378378386e+02 2.395844479709816426e+02 1.083698630136986338e+02
7.604478861448305338e+01 5.679749368155012945e+01 1.263498488631883276e+02
1.481965936739659355e+02 6.521406411582212570e+01 1.662659574468084998e+02
8.972007024067761449e+01 2.363773549710874704e+02 1.284785276073619684e+02
7.927390542907180304e+01 1.509527696793003031e+02 6.326769230769230745e+01
1.586652703731911629e+01 8.111280156487720205e+01 1.472261029411764639e+02
1.209846711332412212e+02 2.393179703219315968e+02 1.282870698966208920e+02
4.081761507452892346e+01 1.017557948530753720e+02 1.542428711897738367e+02
5.407883522727272663e+01 4.177848101265822578e+01 1.523266219239373527e+02
1.280965811965811838e+02 1.586044723969252175e+02 2.346136363636363740e+02
1.563064857990673886e+02 2.293186274509803866e+02 8.565480427046263401e+01
1.047021276595744723e+02 2.184210045662100583e+02 1.434069981583793663e+02
1.257043785827539892e+02 1.000123068600601783e+02 2.068421392584937450e+02
1.049293271557983473e+02 1.170103033772180936e+02 2.315440235253416290e+02
1.147519348268839110e+02 7.805799151343705944e+01 2.070346320346320397e+02
2.112485911083281280e+02 1.014980184940554864e+02 1.503568464730290373e+02
1.163381555153707012e+02 1.976970478647176890e+02 2.124415917843388968e+02
1.052628228228228267e+02 1.912729852440408536e+02 1.421592741935483843e+02
1.185859723267527386e+02 2.231180303030303094e+02 2.461513886367761756e+02
2.219533970181233684e+01 1.272483307652799134e+01 9.939200668430581231e+01
8.831792216331730572e+01 7.227454124354177623e+01 1.849695742275810062e+02
1.322571262361838365e+02 1.070806878306878360e+02 2.218391891891891987e+02
1.400905516501846648e+02 2.431451734539969891e+02 1.612025450689289414e+02
1.600015942606616193e+02 2.438186274509803866e+02 1.093158508158508226e+02
1.254225655767157690e+02 2.271924686192468528e+02 1.601338912133891199e+02
1.079520889229589926e+02 2.201807348560079447e+02 9.222508038585209533e+01
8.425641025641026260e+01 2.266710526315789593e+02 5.825477707006369599e+01
8.717525221644757494e+01 2.154457478005865028e+02 1.285285826155050870e+02
6.176366833342490992e+01 3.957992773486169824e+01 1.348808946171342029e+02
9.899213465471133588e+01 1.973838294091515024e+02 2.397284234752589214e+02
1.016285930408472069e+02 2.023242688558235045e+02 7.070983722576079344e+01
1.390785026950167094e+02 1.733811475409836191e+02 2.365769289070789796e+02
1.075749500333111257e+02 2.139692307692307622e+02 1.027898089171974476e+02
6.611876533115290044e+01 7.365226928292254627e+01 1.746036617492096923e+02
7.137248550971700922e+01 1.425432033719704918e+02 9.679475164011247301e+00
1.010408955223880554e+02 1.193816056910569046e+02 2.257403982930298696e+02
9.740895372233400451e+01 6.469296375266524990e+01 1.600335753176043454e+02
7.234781193597065396e+01 1.738435369511862518e+02 8.395110862418688669e+01
1.083614341085271349e+02 1.764297385620915009e+02 2.290882352941176521e+02
1.159582301817224135e+02 2.353888800127815841e+02 1.091446175308067836e+02
3.693993212143753624e+01 1.223781476965487940e+02 5.424076751946607544e+01
1.876666666666666572e+02 8.652818655195834197e+01 6.305048076923076650e+01
1.303287565566183162e+02 2.397413105413105541e+02 1.272957074721780657e+02
6.081045847370733526e+01 1.505609318996415880e+02 1.070593220338983116e+02
6.306447453255963609e+01 1.292029887920298847e+02 1.848507853403141326e+02
5.670247721730201818e+01 1.401142109851787154e+02 2.411470588235294201e+02
7.967903437910952391e+01 9.967975058775427044e+01 1.618842061339453267e+02
5.995375765725384554e+01 7.086833496892377582e+01 1.411085931359706649e+02
2.115861405197305203e+02 2.357572815533980588e+02 6.802777777777777146e+01
1.061916884247171424e+02 4.786005607953097041e+01 2.191111111111111143e+02
1.208492342136060671e+02 1.340132052821128354e+02 2.137335551330798467e+02
8.695054299280711518e+01 1.653949597190663212e+02 4.876065573770491568e+01
3.303783971721620105e+01 7.137222015157162502e+01 1.478606837606837701e+02
8.757935819601040350e+01 9.983615323923906715e+01 1.939582102152807010e+02
1.007440102316327994e+02 1.678097403874520523e+02 6.458688011493367753e+01
1.198811670217997118e+02 2.282310838445807804e+02 1.823659066232356167e+02
1.935401880497421985e+02 6.736201469045120405e+01 9.504551539491298229e+01
7.999089916272296819e+01 1.012716141001855306e+02 2.294719101123595522e+02
3.814898210980876314e+01 5.746227832882476605e+01 1.145980327868852413e+02
4.032624620332320831e+01 1.779530396796505158e+02 8.013114754098360493e+00
7.474800354924578016e+01 1.510906666666666638e+02 1.106412213740457986e+02
7.849626028421839408e+01 1.617715372566569840e+02 6.225095541401273636e+01
5.978262507061703701e+01 1.471362732694740600e+02 1.946206896551724128e+02
1.280628173509357453e+02 2.242995726495726387e+02 7.259663865546218631e+01
4.466507807746907588e+01 2.084110772357723533e+02 9.845070898041863927e+01
9.732414553472987961e+01 1.809488536155202780e+02 6.662162162162162815e+01
1.337912811508070376e+02 2.153481129180730420e+02 1.145882471120040123e+02
1.379943161910694016e+02 1.177019791410035339e+02 1.412439201076270194e+02
1.258551296505073225e+02 1.031700729927007245e+02 2.228883495145631173e+02
8.315573302909298548e+01 1.818193916349810024e+02 9.948258706467662194e+01
1.494446902654867131e+02 1.946727538349159943e+02 1.210311377245509021e+02
8.513925399644760716e+01 5.700819672131147797e+01 1.362718446601941764e+02
9.790076105469675838e+01 2.042760595647193611e+02 1.062266517635370064e+02
3.329661472326706217e+01 6.765995397008055079e+01 1.591429889298892988e+02
8.799983806979192025e+01 1.604285615824660454e+02 1.029482558981039233e+02
1.405750798722044692e+02 1.754150671785028806e+02 7.557728337236534344e+01
1.091319472754450288e+02 2.123478691774033678e+02 1.641103047895500708e+02
9.403759795720701220e+01 1.172144258008280673e+02 1.639977553310886549e+02
9.827114967462038919e+01 7.991891891891891930e+01 2.077937062937062933e+02
3.040706839562674801e+01 1.042118506493506516e+02 1.801707317073170600e+02
1.208927359271523159e+02 1.628352118150019407e+02 9.054116953896007658e+01
7.332184559573744309e+01 1.366843603694799469e+02 2.936464088397790206e+01
5.644363480497214169e+01 3.945127962085307871e+01 1.992348284960422120e+02
1.200156085214089785e+02 2.335408031088082907e+02 1.740474747474747517e+02
5.599622293873790824e+01 7.148480820357006849e+01 1.477171337763652161e+02
6.199221394719025113e+01 1.511383594451651504e+02 4.593330395181430958e+01
8.645167037474796246e+01 1.760371056329033195e+02 6.246510101637192491e+01
6.067969751767220288e+01 1.580144652095871720e+02 2.201174736842105233e+02
3.237100106080062289e+01 1.151687365287899070e+02 6.279584404455869873e+01
7.296703419088984788e+01 1.472500755972180286e+02 6.018211920529801517e+01
1.043697478991596626e+02 1.959436728395061778e+02 2.356576086956521863e+02
9.348220893822943367e+01 1.466466252909231969e+02 2.343499999999999943e+02
2.163321873657069361e+01 6.034203516249333887e+01 4.444583560152422308e+01
8.050825975505553345e+01 1.948895440251572211e+02 1.440726202158979277e+02
5.897616468039003479e+01 1.382948490230905847e+01 1.280344557556773566e+02
1.331929046563192856e+02 1.335005952380952294e+02 2.146119402985074487e+02
1.239897324206596210e+02 2.388824152542372872e+02 1.525642105263157760e+02
7.285209003215433654e+01 5.348822170900692896e+01 1.339770114942528778e+02
1.101507545074470897e+02 1.934648347953663290e+02 1.495770622286541141e+02
1.046216135398600500e+02 2.087247783168813839e+02 2.520264150943396260e+02
4.306582405205856645e+01 5.278514243157698616e+01 1.351627160493827091e+02
2.738107959456274187e+01 3.845674269707883042e+01 9.796754122161152623e+01
3.096888612321095380e+01 7.222423146473779809e+01 1.121704180064308645e+02
2.327116104868913737e+01 9.834886817576564511e+01 6.331115107913669249e+01
1.114954567192730792e+02 2.411868131868131968e+02 1.716397306397306295e+02
1.132651629072681772e+02 1.887737983874559973e+02 8.523629572135442345e+01
7.014664835164835210e+01 1.615476639289080367e+02 9.029568352953653232e+01
6.430294473578055658e+01 9.302973644952760424e+01 1.270253514056224873e+02
5.867864129468255641e+01 6.716507378239926140e+01 1.345425445043279353e+02
1.003751458576429343e+02 1.202149631190727064e+02 2.067862838915470434e+02
7.147970479704797242e+01 1.593852867830424032e+02 1.078817204301075208e+02
4.855575823908549182e+01 1.338400977995109997e+02 8.834637964774951513e+01
1.316587817859254983e+02 2.301596774193548356e+02 9.589598108747044591e+01
8.818342151675484786e+01 7.361130136986301409e+01 1.814065544729849364e+02
7.327972578763127842e+01 1.749702054794520620e+02 3.013540260908682100e+01
3.678685022549252182e+01 2.354014918824045566e+01 1.063254310344827616e+02
7.956723421370156757e+01 1.330712060525144693e+02 2.010733944954128560e+02
7.008655332302936358e+01 1.761553627760252425e+02 1.071789137380191761e+02
6.175040889761203999e+01 1.638900188323917178e+02 1.189062500000000000e+02
1.104271646859083233e+02 2.432824889867841307e+02 8.175360329444063723e+01
1.172869816519927468e+02 2.091845062093435956e+02 9.773750481819350000e+01
1.546056595162026497e+02 2.401408621736490545e+02 1.014687500000000000e+02
3.893996655962207143e+01 1.483285350004112786e+02 2.355291201982651899e+02
2.402850877192982466e+02 1.605269230769230830e+02 6.820798319327731463e+01
5.864694357366771271e+01 1.035493107104984034e+02 1.718668329177057217e+02
7.216468766133195345e+01 1.541532374100719380e+02 1.027583333333333400e+02
7.116223381655647984e+01 6.078238324175823948e+01 1.682055465541278920e+02
5.366417212347988652e+01 1.233861702127659612e+02 1.848194444444444571e+02
5.437654320987654444e+01 4.454996646545941985e+01 1.340845608292416671e+02
4.976310043668122063e+01 1.151966292134831491e+02 2.109215686274509665e+02
8.695023696682464731e+01 2.036687385740402192e+02 1.193008526187576166e+02
2.625407747942959347e+01 8.944432516834194757e+01 1.998850346878097071e+02
6.592991516045739786e+01 1.818472686733556429e+02 1.099909909909909942e+02
1.065800425947289085e+02 1.177220496894409933e+02 2.266572032864231687e+02
3.846753246753246458e+01 1.361536999894436804e+02 5.523135493947676622e+01
7.058034367416540533e+01 5.801742088444490264e+01 1.610016548733165962e+02
4.639349593495934698e+01 2.411045751633987066e+01 1.088217957505140561e+02
1.177337853926186710e+02 1.475237025653150624e+02 2.278660878716127343e+02
7.496177118762818736e+01 1.718542438395876957e+02 2.353457159976033495e+02
5.320465538089479907e+01 1.102880277617119731e+02 3.022554347826087096e+01
9.049413651398215563e+01 1.820732464307883163e+02 1.061749099867348889e+02
9.283261922876707217e+01 1.684444444444444571e+02 9.561332216170926301e+01
6.732210327455919696e+01 7.842175986129171861e+01 1.467488921713441528e+02
6.974514285714285222e+01 1.226104078762306671e+02 3.248620432513050105e+01
1.066593124679322671e+02 1.687657807308970064e+02 6.974666666666666970e+01
1.247334166536478648e+02 1.490643631436314251e+02 7.412202380952381020e+01
1.221903061224489733e+02 2.330748175182481816e+02 1.422798833819242077e+02
6.428754452846696665e+01 1.284172676282051384e+02 2.226727272727272862e+02
2.344833943185944491e+01 9.494077112387202533e+01 2.089125615763546762e+02
1.425072769953051761e+02 2.486261834802481303e+02 1.574855643044619455e+02
8.779039389067524723e+01 1.702790354330708738e+02 1.213094555873925486e+02
1.314000000000000057e+02 8.705515115501745527e+01 2.186131680530636743e+02
7.604371744601158412e+01 2.073973678624495847e+02 1.363045356371490300e+02
1.805705065244843581e+02 1.388854054054054075e+02 2.266635638297872219e+02
5.881236234458259560e+01 1.581469659768502254e+02 1.055895196506550171e+01
7.881100420764880710e+00 1.971747156679680870e+02 1.215380377754459573e+02
7.630340760157274360e+01 1.816602357984994569e+02 1.130828025477706973e+02
1.509100112485939178e+02 2.368004595940252841e+02 1.036338329764453903e+02
2.415044692261854209e+02 9.389457223567393385e+01 1.278320308535471383e+02
6.485864221399768326e+01 1.150283127152148950e+02 1.988604651162790731e+02
6.970714094677721562e+01 9.347965507949339781e+01 1.675248570171579274e+02
9.021908713692945980e+01 6.774414062500000000e+01 1.986447166921898884e+02
6.298812580231065539e+01 1.546804062126642805e+02 2.222908011869436109e+02
2.251600063056672241e+01 9.301706414473683537e+01 1.278827062914954098e+02
1.515479313300262447e+02 1.383530590786620280e+02 2.142819505871587751e+02
4.503233762674705076e+01 2.604811844540407151e+01 1.031140897755610979e+02
8.697889573351585568e+01 1.819181242078580567e+02 8.084340790099952301e+01
1.008920824295010874e+02 1.907673469387755176e+02 2.171052631578947398e+02
6.913509006004002799e+01 4.828129462160875818e+01 2.171150317572335950e+02
3.952933776619642003e+01 1.181327231121281471e+02 2.973364245234415293e+01
8.405752361673414441e+01 1.910549496644295289e+02 1.334438280166435504e+02
1.075498184201184984e+02 2.012935252420470249e+02 1.176329689770645075e+02
1.191015118790496814e+02 2.186529209621993175e+02 9.734916864608075571e+01
6.642463640370206868e+00 2.632419495213228799e+01 1.077798165137614745e+02
1.145787269681742089e+02 5.323604727511490609e+01 1.852938808373590973e+02
5.100398053958425493e+00 3.436223365172666888e+01 5.181057268722467057e+01
9.578601108033241474e+01 1.899676113360323768e+02 1.242863534675615256e+02
1.092434071930759671e+02 5.934415795861578857e+01 1.426599605522682452e+02
4.102108246966073324e+01 6.186286895601240232e+00 9.784283843314680951e+01
8.300593990216631823e+01 3.989084507042253591e+01 1.984698795180722755e+02
7.209747298680125027e+01 5.171309484603985140e+01 1.506164994425863881e+02
5.465520893219159149e+01 1.352972038794882508e+02 2.114441988950276254e+02
6.515739644970413735e+01 1.846582369942196635e+02 8.590102040816326223e+01
1.356369843924191798e+02 2.364931756141947119e+02 1.606986817325800416e+02
2.099996008143387272e+00 1.029687628182879564e+02 2.061874786178583747e+02
1.970893921334922538e+02 1.470900301427515160e+02 9.463371230845279314e+00
1.160628781766841513e+02 1.666321678321678235e+02 6.668246445497629793e+01
5.985076032835419113e+01 1.788759219088937016e+02 3.412770809578107389e+01
1.412099179716629465e+02 2.462681883024251022e+02 1.712898089171974618e+02
1.368384116850454575e+02 2.503016295025728937e+02 1.673347350714886375e+02
7.760035798049624134e+01 1.782381959126145148e+02 1.202148648648648646e+02
1.507728544776119293e+02 1.069919571045576419e+02 1.795510204081632537e+02
8.623878656554713018e+01 1.853519955654101921e+02 6.280457380457380623e+01
8.913347376484105666e+01 1.476659999999999968e+02 7.325671140939597592e+01
5.901425965147733876e+01 1.313704406364749104e+02 2.292191142191142319e+02
1.959745192962472231e+02 1.562797938742923520e+02 1.155894120024247371e+02
1.246900018971732180e+02 2.370856031128404595e+02 1.381584062196307059e+02
4.530204213043878525e+01 1.038896838014485127e+02 3.000470588235294045e+01
4.490398155648326650e+01 1.119314019813869692e+02 1.434741767140543516e+02
5.245193097781429969e+01 1.227967696807834130e+02 1.800959860383944147e+02
1.191412342646607243e+02 1.324172697368421154e+02 2.376672847682119141e+02
1.314804389712658121e+02 2.448679344955097861e+02 1.505244962884411564e+02
1.061665953623684402e+02 8.893298413187490326e+01 2.332653417776807032e+02
3.471223800308327867e+01 9.767440811724915761e+01 1.779587628865979241e+02
9.521577116350985648e+01 1.876996209728363851e+02 1.596040338010204209e+02
1.089540889526542315e+02 1.892995057660625946e+02 1.356203492786636389e+02
1.390953669259384640e+02 1.179096133751306184e+02 2.417569721115537789e+02
4.173833935018050312e+01 2.243107844607769508e+01 1.259896386822529166e+02
6.359812449035064219e+01 1.755883838383838338e+02 2.277684729064039288e+02
1.272502159693940484e+02 1.157538588186869788e+02 2.240274068168228041e+02
1.225795822629286214e+01 7.634715302491103728e+01 1.199161073825503365e+02
6.547582452769772487e+01 1.289191253951528040e+02 1.797624553890078403e+02
1.180746561886051040e+02 2.250060483870967687e+02 7.121258134490238945e+01
1.076693737978200431e+02 2.038414442700156997e+02 1.177174129353233809e+02
9.383428196147110611e+01 1.857241977450130150e+02 5.508717105263158231e+01
9.843409247757074354e+01 9.192768959435626641e+01 1.721724137931034591e+02
9.690532097148039270e+01 1.424250458562614767e+02 7.668058076225045738e+01
1.015835885221730734e+02 6.571455684190549107e+01 2.921762759924385477e+01
7.811137243373021022e+01 1.495867689357622226e+02 3.119617224880382622e+01
9.330751007515520712e+01 2.017029438001784172e+02 2.362367595497324260e+02
1.076295674086518233e+02 6.195661301609516869e+01 2.194312333629103762e+02
6.793161769179290843e+01 5.846991802139780248e+01 1.620373940987437891e+02
1.028837891927951915e+02 2.320278538812785314e+02 1.434332648870636433e+02
7.869873556899395339e+01 1.868579017264276274e+02 4.963533225283630657e+01
7.376425433526011943e+01 1.380251783893985760e+02 2.237835434735077627e+02
3.486581858407079437e+01 4.322179040471723255e+01 1.490097171237313773e+02
1.118658116385911114e+02 1.727174018419777042e+02 2.427090909090909179e+02
2.132143507281553525e+02 1.246329452753229106e+02 3.667956795679567961e+01
2.688370232061883058e+01 8.962740707568293885e+01 1.643161764705882320e+02
5.448125591805113288e+01 1.534589098183030558e+02 2.753733935394233967e+01
6.891447014523937753e+01 1.698297872340425556e+02 1.168215767634854814e+02
1.276617002629272548e+02 2.331815264948954791e+02 8.554072963518241579e+01
1.092341018103048071e+02 1.278464495777609784e+02 2.246375973622592710e+02
3.795648684285959717e+01 6.666195539419086913e+01 2.071155626265548051e+02
5.964269740237399020e+01 1.805656565656565533e+02 8.723131672597864394e+01
9.145010541110330848e+01 1.829196072414851244e+02 1.323070789259560627e+02
5.916681984211146528e+01 1.650265835004084067e+02 1.055900772671817833e+02
1.051062239471036435e+02 2.185260223048327077e+02 8.745214617169374094e+01
8.028156996587030392e+01 1.348528890464374399e+02 5.929702970297029907e+01
1.272850877192982466e+02 6.554434250764525416e+01 9.608831908831908208e+01
1.135388681499178745e+02 2.345851874428527992e+02 5.029124423963133950e+01
8.256229358663857454e+01 6.011043198529412024e+01 1.648398212151135738e+02
6.859266505703105565e+01 8.604465473902114070e+01 1.723642857142857281e+02
1.400828402366863941e+02 2.461086556169429116e+02 1.896674937965260597e+02
3.547638697845025035e+01 8.800800915331808483e+01 1.204242424242424292e+01
1.252405412177399171e+02 1.336870604250170231e+02 2.295122235157159594e+02
1.184730648344419279e+01 7.501978021978021616e+01 1.130240066225165521e+02
1.197203879990268689e+02 2.473268019450542567e+02 1.216918023874781909e+02
1.687918251928020652e+02 8.950836057329645712e+01 4.632937947260072775e+01
3.014217708663916184e+01 1.411768437747819291e+02 6.562488306828811346e+01
7.501880782648262880e+01 4.477500843929335161e+01 1.329735227073470014e+02
3.857278866898039382e+01 1.200543619322278346e+02 1.988032786885245855e+02
9.489601259181532100e+01 8.274266277939747738e+01 1.925537254901960864e+02
9.113189568706118848e+01 8.008798882681564635e+01 2.428104531921931937e+02
4.936099431384937475e+01 1.436486343612334906e+02 1.917125974946821145e+02
5.514415885842001330e+01 4.237146371463714445e+01 1.522035965598123539e+02
5.094297441911602675e+01 1.418959244761685454e+02 1.059062103929024090e+02
2.957380161366872429e+01 9.510033821871476789e+01 9.500209292591042853e+00
6.907172381214817847e+01 3.836584136584136928e+01 1.109933774834437088e+02
6.876234447900466762e+01 1.460490922294843870e+02 6.058819209869290745e+01
1.397889248471772703e+02 1.150077319587628821e+01 8.152380952380951840e+01
1.000547008547008545e+02 5.798096348096348152e+01 1.766560509554140026e+02
9.699148429098730162e+01 2.174997886907277405e+02 1.589977545320116121e+02
5.113513049450549630e+01 2.529932735426008961e+01 9.382203389830507945e+01
7.106838931955211081e+01 5.709562715765247276e+01 1.532034933257597231e+02
1.021375107939456086e+02 8.771193260065346919e+01 1.904749279538905000e+02
2.611430715909843414e+01 1.247013830270761616e+02 9.994745845552297681e+01
3.209399253891342596e+01 1.091585887796414056e+02 5.009480566654558942e+01
6.063596004439511944e+01 8.376269956458635590e+01 1.178779242875372120e+02
9.009026644915715565e+01 1.793340165549861922e+02 6.239878708408457442e+01
8.985460458953201623e+01 1.973172067549064366e+02 1.230518084066471118e+02
8.926724715338245630e+01 1.818574196048043348e+02 1.322693713450292421e+02
5.583181051447849086e+01 1.018961271911944522e+02 5.811009657594380684e+01
8.802844638949672174e+01 1.410698818897637921e+02 1.857692307692307736e+02
8.932958218604093759e+01 7.182582694823398128e+01 1.326389966382208456e+02
5.338809106830122886e+01 7.127159064598286875e+01 1.553307984790874627e+02
8.711494252873562516e+01 1.305341463414634120e+02 1.803606557377049171e+02
3.152499094530967128e+01 1.269053075995174851e+02 1.859348837209302303e+02
8.889231410122890509e+01 2.375928476967158929e+02 1.679879644952610249e+02
1.302891989069466376e+02 3.739065383272654941e+01 9.967466460268317974e+01
1.547141014617368739e+02 1.239678899082568790e+02 7.173809523809524080e+01
8.903645950190711744e+01 1.951534283078815122e+02 9.989540412044374307e+01
1.132637945616238255e+02 2.362503059975520330e+02 1.425141189247895852e+02
2.208558380646753960e+02 7.671519659936238611e+01 1.511284722222222285e+02
1.032264685869811700e+02 1.821687956204379475e+02 2.140039999999999907e+02
9.144080604534005374e+01 1.043040435458786988e+02 1.759248945147679422e+02
1.035120090421022923e+02 1.797210119465917160e+02 7.485526315789473983e+01
1.164898419864559855e+02 1.724147727272727195e+02 8.414163822525597425e+01
3.716697009102730931e+01 2.858353196099675131e+01 9.867682769310255253e+01
8.988695078822753715e+01 1.561623847813296777e+02 1.971719532554257057e+02
1.235824480369515044e+02 1.038631476050830855e+02 5.798936170212765973e+01
3.804370508908357351e+01 1.223616122216804740e+02 2.335748865355521957e+02
2.844024205748865342e+01 6.767880794701986247e+01 1.045413533834586417e+02
1.172334235685159172e+02 2.369495806966095586e+02 9.319802839116719895e+01
1.370239730152993616e+02 2.492603280680437479e+02 1.797777777777777715e+02
1.758955642897248595e+01 4.984810126582278400e+01 1.114649350649350623e+02
1.564134004817166712e+01 1.248337332876242698e+02 7.155515151515152183e+01
1.082765277534582395e+02 2.430519779797721185e+02 1.349978819542502038e+02
1.800936954707533744e+01 6.790093013194895377e+01 1.234990689013035450e+02
9.566749125650430585e+01 1.982960681420640299e+02 8.649014238773274599e+01
8.612247037852574749e+01 7.557042338954263982e+01 2.050778338083753454e+02
3.901059170995009850e+01 1.165396536007292667e+02 3.045868152274837470e+01
1.001666666666666714e+02 1.256285266457680194e+02 2.007695924764890378e+02
7.660888823630179445e+01 5.626785376018185048e+01 1.448966283220944149e+02
1.199911393659999561e+02 7.738554301339129893e+01 1.898003637216942252e+02
3.727487583490323431e+01 1.051903147699757852e+02 2.736532951289398241e+01
1.074639786899140290e+02 1.341840133222314648e+02 1.861165279429251029e+02
1.252549206349206372e+02 1.749684210526315837e+02 2.113457330415754996e+02
1.329607843137254974e+02 1.993613793103448302e+02 9.821412300683371654e+01
9.778832752613240586e+01 1.780526550647032593e+02 2.225570175438596436e+02
1.430626158122297795e+02 8.320949343799827602e+01 2.320412766610403423e+02
2.300503804989215837e+02 1.828501433798081734e+02 7.705394133185041028e+01
2.099170176315225831e+02 2.456806652225560867e+02 1.259541646720919061e+02
3.541871267418712677e+01 5.514144736842105488e+01 1.074843750000000000e+02
5.146013679319166556e+01 1.370452943183110222e+02 8.712358728892434101e+01
5.529816297691945692e+01 2.015058823529411711e+02 1.230026315789473728e+02
2.239244155294615553e+02 1.270551215658737760e+02 1.738653548187170657e+02
2.203557818659658381e+02 1.836281867343560350e+02 1.267040558897729454e+02
1.844380119548372932e+02 2.188336186770428071e+02 1.272582740488710158e+02
1.340876747141041960e+02 2.373703947368421154e+02 1.701686746987951722e+02
1.528997395833333428e+02 1.054762177650429749e+02 6.838410596026490396e+01
5.638748572490904110e+01 1.696948642699926495e+02 2.371057770545158689e+02
7.783825576001237323e+01 1.176399108138238603e+02 1.606856201071281305e+02
6.271014538860433163e+01 1.519804882316913108e+02 6.198874577966737576e+01
6.409935939338475919e+01 1.692210912052117351e+02 9.896423135464230825e+01
5.603844510892781017e+01 1.357232375979112362e+02 1.823392070484581495e+02
9.438945283486010851e+01 2.183863636363636260e+02 1.554512195121951095e+02
5.805098415746519436e+01 5.345678610912401751e+01 1.651681867931411887e+02
1.318342878602948076e+02 2.013424390243902451e+02 5.410109622411692953e+01
3.673007712082262088e+01 2.640836653386454103e+01 1.012563429571303573e+02
1.026128182616330093e+02 2.186509433962264097e+02 1.368659003831417635e+02
7.201058381700238442e+01 8.857585564381680854e+01 1.877985249748575143e+02
5.432105275330141581e+01 1.300784091644553655e+02 2.749108500345542438e+01
8.620427553444180546e+01 1.953341303048416080e+02 1.163068753493571847e+02
6.579000812347684857e+00 4.215504978662873725e+01 8.062518089725035964e+01
6.944967121901871110e+01 6.027059569074778267e+01 1.512684989429175459e+02
8.898746081504701522e+01 2.223185298621745858e+02 8.402814569536424472e+01
9.391625161409334055e+01 2.260118662351672185e+02 1.859199999999999875e+02
1.443976153447381989e+02 2.407962962962963047e+02 1.513853211009174231e+02
6.389208074534161597e+01 1.688547579298831351e+02 2.294516695957820787e+02
5.609938934512528874e+01 1.873341094295692528e+02 3.099718309859154886e+01
2.133962593813286617e+02 3.729473487851513624e+01 1.370454129181705412e+02
4.709072916666666941e+01 1.980198019801980180e+01 1.356310679611650585e+02
1.938209380772628663e+02 2.457417387883556330e+02 1.626520125927591494e+02
4.143533911149000915e+01 9.982513442925180414e+01 2.268829353523587713e+02
7.064302698846748285e+01 1.570766283524904168e+02 2.430576923076923208e+02
7.139981532779316353e+01 1.934323098394975489e+02 1.259559633027522949e+02
3.370595723014256606e+01 1.013693957115009709e+02 2.115886524822695094e+02
9.972714694216401199e+01 2.028885379061371736e+02 7.010640732265446218e+01
2.255303012120484709e+02 1.841323400525854481e+02 1.063674351585014364e+02
8.877537339762436375e+01 2.163706467661691590e+02 1.388027314112291322e+02
4.200626442466204935e+01 6.818765432098764734e+01 8.551670951156812350e+01
1.417120220461591487e+02 2.397041728763040283e+02 1.190979381443299019e+02
1.037906993511175244e+02 1.980812287975876416e+02 1.340910191236988567e+02
1.235130842535168654e+02 2.081911088400613323e+02 3.301259622113366277e+01
7.486379655205257677e+01 8.545913300228157539e+01 1.734551360842844474e+02
4.226524271844660063e+01 1.261805074971164942e+02 8.646726862302483596e+01
9.977167259264689392e+01 2.095100927441353065e+02 1.134788488916005633e+02
2.298656151419558284e+02 1.578385321100917338e+02 1.229387602688573509e+02
2.396943216592995611e+02 1.720502824858756981e+02 1.347868462757527652e+02
1.298256319652079469e+02 1.495834138797602861e+02 1.907387559808612423e+02
5.659332732191163018e+01 9.555919661733615555e+01 1.628151515151515127e+02
1.042258361460570768e+02 2.319768292682926756e+02 6.732163742690057973e+01
6.566100209049834291e+01 4.392422557585385334e+01 1.372372290057313649e+02
4.173676202069385255e+01 2.727677279305354574e+01 1.161998519615099923e+02
1.015596157145307927e+02 1.955925058548009474e+02 1.526333892617449806e+02
9.375863576738085214e+01 1.628603818615751777e+02 1.960413223140495731e+01
7.255722670579604028e+01 1.127490445859872636e+02 1.446538461538461604e+02
9.625868886576482453e+01 1.786871890547263604e+02 2.277961538461538566e+02
9.923602754863986775e+01 2.116599875274531541e+02 2.330943251533742284e+02
1.145872340425531917e+02 2.399485627836611172e+02 1.641091811414391941e+02
1.005277279752704800e+02 6.571222298951597907e+01 1.791090876629173465e+02
1.562832469775474920e+02 2.504983089064261605e+02 1.854085714285714346e+02
1.300334199777200013e+02 2.499215686274509665e+02 1.750582959641255627e+02
1.509685195689166335e+02 2.161249523809523794e+02 1.361020270270270203e+02
7.241640418294065284e+01 1.429082608075331677e+02 6.026178552926955945e+01
1.164847868327808840e+02 2.455980026435599939e+02 8.110583732057416739e+01
9.989265396982439427e+01 1.949575596816976031e+02 1.034168224299065457e+02
6.161230101302459872e+01 1.404557165861513681e+02 2.356904761904762040e+02
1.467271028037383189e+02 2.304402985074626997e+02 8.374711696869852062e+01
9.381293208621390534e+01 3.155114733004503691e+01 1.390867075664621666e+02
6.910548483271023201e+01 9.174513353271420613e+01 1.616224659444384883e+02
8.393300165837479199e+01 6.069909208819714763e+01 1.856444315545243740e+02
1.342142417717625449e+02 1.883747797141178637e+02 1.079263986385875285e+02
6.812998137802607346e+01 1.862124079915878099e+02 1.300594479830148487e+02
1.304571845901040774e+02 1.894285714285714164e+02 2.136330275229357767e+02
1.107583532219570372e+02 2.142841781874039953e+02 3.628525641025640880e+01
1.046158639491107323e+02 1.196771613342409779e+02 8.947107129525942071e+01
1.759753633578830900e+01 1.482730982220926705e+02 1.028484414188462921e+02
1.947736405036163987e+01 1.396488753335874833e+02 8.086106032906764085e+01
1.014155193992490638e+02 2.278655063291139129e+02 1.380912547528517109e+02
4.463893402664933063e+01 1.431956882255389587e+02 1.009056122448979522e+02
1.336433895824758906e+02 2.266061675011379180e+02 1.236338232250051732e+02
7.098709337547741427e+01 9.809146239786559818e+01 1.636509354928790856e+02
7.383636023716681507e+01 2.122139499516106866e+02 8.513497723823975605e+01
1.093730577334283680e+02 1.863978092556748152e+02 1.206134420096205275e+02
1.059938938893663192e+02 1.801511310156368495e+02 1.290605751580664950e+01
4.526853588705696296e+01 1.069385086254869179e+02 2.069640287769784095e+02
3.033446146809970401e+01 6.635789473684209838e+01 1.217111424873514522e+02
8.932511104060912999e+01 1.832638049814520400e+02 4.575036012676461894e+01
5.147147985640207679e+01 1.167894230769230717e+02 3.963882063882063989e+01
1.210344657804037354e+02 2.283069444444444400e+02 1.642693333333333214e+02
3.025398923310015675e+01 1.200233050847457577e+02 1.920075757575757507e+02
1.304628548817885019e+02 7.632990538872891761e+01 2.251415116011945656e+02
1.165574214116251426e+02 2.421321163799132705e+02 8.335899624445202960e+01
1.069555436529191184e+02 2.306131883072739583e+02 6.167857142857143060e+01
5.728893522110163161e+01 6.952477615601618766e+01 1.580985806451612916e+02
8.730081516923621621e+01 1.906791019581363855e+02 1.572894312222670408e+02
7.307854014598540004e+01 1.590683563748079905e+02 5.452153110047846951e+01
9.113821741064808180e+01 1.307833301176924579e+02 7.243453070683661110e+01
5.359462295081966943e+01 1.290050916496944922e+02 1.512469026548672559e+02
6.684327925840092632e+01 1.843919999999999959e+02 3.248678071539657708e+01
1.081409230398940906e+02 6.711664396944756561e+01 2.364769427158129815e+02
1.475737567906393508e+02 1.343465116279069775e+02 2.406205533596837824e+02
1.213727618014107357e+01 2.025847457627118686e+01 3.464615384615384386e+01
9.998061859811207341e+01 2.176652918127448970e+02 5.388490819525302555e+01
9.372527123337418686e+01 1.908853642811089628e+02 1.196657824933686953e+02
5.805979665690160374e+01 2.661680062224526822e+01 1.589413265306122582e+02
1.135507555211158461e+02 1.995061391541609908e+02 9.935668789808917722e+01
6.288823673269748227e+00 9.030037082818294891e+01 4.977396021699819073e+01
9.039687284433203729e+01 8.464430577223087937e+01 5.100581395348837077e+01
5.585100133511348730e+01 1.709782359679266790e+02 1.114596491228070221e+02
1.515992770116481552e+02 2.047044312471448109e+02 2.487747925721058948e+02
1.539640345914491206e+02 1.824686438571783640e+02 2.024843578819233016e+02
6.473656351791531449e+01 1.766720682302771763e+02 1.055615103532277743e+02
7.780517950561079488e+01 1.546351920465790499e+02 4.267210998515458442e+01
4.250632644453816766e+01 9.695662650602409371e+01 2.568996188055908547e+01
1.391867547640405292e+02 2.301719247625010212e+02 9.415776425512733283e+01
1.993005636145246129e+01 8.598537794299876680e+01 1.930681818181818343e+01
9.847639017025916530e+01 2.301759894459102895e+02 1.551915535444947238e+02
1.293809862599493101e+02 1.193152709359605979e+02 2.354918882595756884e+02
7.407233033410058454e+01 1.066465968586387447e+02 3.258104265402843680e+01
1.362792792792792795e+02 2.221842546063651582e+02 1.865848017621145516e+02
3.592003588133529490e+01 6.783859318574344854e+01 2.140730769230769113e+02
7.524214343271555094e+01 5.514817927170868472e+01 1.432498098859315689e+02
5.421309088748254368e+01 1.183809018567639271e+02 1.649396071533274721e+02
1.225005317186448792e+02 2.182853843420585065e+02 1.397324710687542506e+02
1.183344896841336436e+02 2.135821395915879179e+02 1.426671140939597251e+02
1.004512155591572053e+02 1.803263964950712079e+02 9.638780343398460104e+01
4.725661157024793368e+01 8.169002639614926409e+01 1.875850966456684432e+02
9.094010965837199478e+01 1.982447054293415363e+02 7.332092719555990357e+01
9.813683287808467526e+01 2.155601466177940608e+02 2.304107353519465278e+02
1.227480237154150160e+02 1.033143856580673372e+02 2.190837988826815774e+02
2.225438819875776346e+02 9.968893667722529983e+01 6.398970063169458911e+01
1.443725184553395557e+01 9.641066636851520855e+01 1.861408259986459086e+02
1.523778508116721468e+02 2.428031276179837903e+02 1.648732068486811784e+02
1.918137493905411972e+01 9.465604681404421683e+01 1.921307692307692321e+02
4.532796701678609708e+01 1.996502369668246502e+02 2.353387445887445892e+02
6.337469330529267353e+01 5.384928615766604310e+01 2.248102717135228659e+02
2.094015634047481171e+02 3.230482115085536776e+01 1.201852589641434292e+02
1.092289606159312996e+02 2.101407792207792227e+02 4.389942007973903770e+01
8.227628171931641532e+01 2.024545454545454675e+02 5.730872150644201923e+01
9.033888261851015500e+01 9.987198303979126024e+01 2.070665883274578789e+02
1.283127538586514902e+02 4.389120974760661653e+01 2.373972602739726057e+01
1.895515535181546909e+02 2.440388094925920939e+02 1.272916666666666714e+02
5.602928743961352609e+01 7.073516699410609476e+01 1.657994505494505404e+02
1.322361384745285591e+02 2.212094897045658115e+02 1.316346938775510296e+02
9.825703409467064375e+01 1.152957867583834854e+02 2.047454650714010143e+02
8.706122895254756600e+01 1.973534373681990814e+02 1.301392235609102954e+02
2.359554645069080436e+02 1.381994101988621537e+02 1.217763100277331745e+02
8.956392045454545325e+01 1.690782005465629538e+02 2.087135171486213778e+02
6.119503891050583633e+01 1.458531987814166087e+02 8.999045272559285991e+01
1.081391779396462027e+02 8.593978551336145699e+01 2.407748038116591829e+02
5.797583351980308919e+01 6.797847222222222285e+01 1.498115711252654023e+02
1.179449109842122994e+02 2.094630788485607127e+02 2.339678456591639986e+02
1.354351747463359743e+02 1.868035409556314050e+02 2.239044430919050512e+02
4.188253843121797360e+01 8.752658884565499875e+01 1.679124999999999943e+02
9.462419509521852490e+01 1.614642712959224866e+02 6.635424528301886937e+01
7.031314878892733589e+01 3.402394636015325347e+01 1.695028142589118261e+02
1.043489414694894180e+02 1.163163342727075644e+02 2.175116944057482158e+02
1.048149842368795248e+02 1.879921544960772621e+02 4.381410256410256210e+01
8.543512672298798805e+01 1.756559891721182112e+02 6.080194805194805241e+01
5.644303797468354134e+01 1.546179245283018986e+02 2.491231028667790781e+01
6.912249253094323365e+01 1.801208178438661776e+02 1.124885245901639337e+02
5.466191832858499566e+01 5.702993197278911452e+01 1.605233644859813182e+02
5.348810020876826599e+01 4.298807588075880659e+01 1.390180904522613048e+02
8.122900859888720504e+01 5.275601935997713099e+01 1.607643290003238121e+02
1.068512128151940601e+02 2.117573038748387830e+02 1.374457984721717025e+02
4.553623643376087671e+01 1.449888119339371428e+02 1.787267742918062652e+02
7.261787401051020652e+01 1.670224771936424304e+02 4.192066470115250354e+01
2.487886543535620092e+02 1.655016702095353764e+02 1.882188648427929820e+02
1.738967906637491012e+02 2.277247254827716745e+02 1.330828804347825951e+02
7.242562754409767933e+01 1.511073759791122768e+02 5.826232741617356936e+01
9.177811756710839575e+01 1.577743658210947899e+02 1.254380403458213209e+02
1.088157653528872544e+02 2.278224981738495387e+02 1.478232558139534945e+02
3.605073833733585076e+01 1.825309195770586257e+02 2.234030888030887922e+02
7.660369206598585379e+01 1.984481481481481353e+02 1.391922077922077960e+02
1.045251157819736321e+01 5.378445191369402778e+01 1.513153099623687865e+02
1.078417222559126714e+02 2.074993714644877514e+02 1.570260180995475139e+02
7.233284840567662854e+01 4.562003118627804099e+01 9.080473870948343063e+01
8.831919121665258388e+01 1.237855982674607418e+02 1.996298129812981301e+02
1.200822473505400296e+02 2.001227654788682457e+02 2.333278495887191468e+02
7.677538865642466703e+01 1.981722488038277561e+02 1.283665607625099199e+02
8.212990347582140771e+01 1.770275369709331983e+02 2.286820638820638862e+02
2.294921875000000000e+02 1.383107311320754604e+02 9.002272727272726627e+01
3.891981406159209911e+01 1.311685985247628992e+02 2.339208294062205340e+01
1.251876873875674647e+02 1.877811158798283202e+02 1.261215623754483914e+02
1.213850950351643121e+02 2.307328715406585502e+02 7.081972206358271649e+01
8.729780564263323583e+01 5.551657022619674109e+01 1.434597378277153439e+02
1.319142070798139912e+02 6.699887548558577066e+01 1.930109254498714790e+02
8.657706422018348746e+01 1.837764423076923208e+02 1.145000000000000000e+02
1.253562675328510210e+02 2.243363332476214964e+02 1.502112086992889886e+02
1.071453869969040227e+02 2.119954268292682968e+02 1.631789264413518765e+02
1.331475393438250308e+02 2.413638141809290971e+02 3.641168289290681770e+01
1.450694878226393598e+02 5.864557182705718219e+01 7.624306164183464318e+01
1.671913157685266356e+02 2.452553304338601947e+02 1.416993301435406636e+02
1.186817943336831007e+02 1.031637180567256422e+02 1.432210694333599292e+02
1.797623059333253082e+02 2.491621784565916471e+02 1.631522315060118160e+02
1.218190546528803537e+02 1.332936562073669791e+02 2.322608016657990504e+02
4.459051756993673621e+01 4.996767979452054931e+01 1.185231292517006807e+02
8.830323797852098267e+01 7.063131293188548909e+01 1.886883122889782953e+02
8.927199320017000161e+01 1.633770719979754631e+02 7.630074612588482807e+01
2.519693617021276566e+02 1.679734395750332112e+02 2.187448165869218428e+02
1.225775789431448857e+02 2.295555039695436221e+02 1.051770918367346894e+02
2.325330253464852035e+02 1.436685490877497955e+02 3.676560121765601252e+01
9.836322526251245790e+01 1.108506857309600235e+02 2.306056916996047335e+02
1.529025472056773651e+02 2.405950296526405054e+02 1.670464634507250707e+02
7.509648740521224397e+01 1.424072330938815867e+02 1.797210973220117580e+02
8.419170755913326332e+01 1.997521609749185245e+02 1.282493457943925250e+02
1.439467110741049112e+02 9.410292633703329557e+01 7.542806603773584584e+01
6.181668283220174942e+01 1.484984678243105236e+02 7.627003293084521829e+01
9.859886086248982906e+01 3.872211538461538538e+01 5.666075388026607840e+01
7.178779681394649970e+01 4.084641255605381360e+01 1.411178571428571331e+02
6.152842458569330830e+01 7.000664451827242374e+01 1.506257062146892736e+02
9.237047823421214332e+01 1.985364067212408372e+02 9.152857891976927363e+01
7.888326931284677812e+01 1.010845533313414961e+02 1.792206405693950160e+02
8.428350016144656820e+01 1.745987406983400092e+02 2.276395759717314604e+02
1.057902937176397558e+02 1.872400609756097651e+02 1.311277897768178491e+02
1.171830449035602584e+02 1.891162200282087440e+02 2.424347826086956559e+02
9.961580827819267370e+01 2.070463624534891665e+02 1.388538231131299199e+02
1.435026343519494105e+02 1.697875697517798699e+02 2.149392151833803553e+02
1.362095785292870005e+02 2.164068416523235783e+02 1.027828169014084523e+02
1.280999345121152544e+02 9.642869207508104523e+01 2.328931359137362165e+02
4.346491228070175339e+01 1.499212730318257911e+02 5.413265306122449161e+00
7.248162772841943990e+01 1.892638946068340999e+02 4.751138353765323785e+01
1.337257109004739277e+02 2.442366701066391386e+02 1.714650793650793617e+02
1.931692942389862822e+01 1.934884126154382145e+01 8.153691275167784625e+01
1.352698924731182899e+02 2.433126016260162601e+02 1.851199641897941035e+02
3.889895500474998613e+01 5.690292636878540122e+01 1.216349400040675164e+02
5.545960212363458908e+01 1.447231379731379661e+02 5.251178857330847904e+01
1.180676381299332149e+02 2.016709875088380954e+02 1.551784497444633644e+02
2.112502602540079124e+02 1.195771643663739070e+02 3.980952380952381020e+01
9.107885003362474663e+01 1.838042895442359281e+02 1.309625407166123807e+02
1.048330785692448757e+02 1.729854516386890566e+02 1.234319230769230700e+02
5.732220139717158247e+01 4.376468579234972367e+01 1.370271049596309183e+02
1.112603608314812362e+02 1.992074137931034556e+02 8.338600341380151804e+01
5.669555764484663030e+01 7.120936588921283317e+01 1.447355163727959564e+02
1.031320414601171649e+02 1.157892496008515195e+02 1.867005928853754995e+02
1.043999532764863858e+02 1.771691294806144867e+02 2.286278586278586147e+02
7.285126940491591085e+01 5.500258055266836266e+01 1.538294765278556611e+02
8.913781772494442635e+01 1.014740917212626528e+02 1.841066223067173553e+02
1.329661109417371279e+02 2.188331845370948940e+02 1.103626566709616981e+02
3.583920910277933558e+01 1.078743400211193233e+02 1.400398671096345424e+02
1.438509719222462309e+02 2.402160259880888020e+02 8.907594936708861155e+01
9.933601575207602252e+01 2.328654448294576866e+02 1.255400130123617402e+02
8.885076610928426533e+01 6.791251844894672729e+01 1.677421031587365121e+02
1.170276849642004748e+02 2.137023529411764571e+02 1.811919191919191974e+02
7.308853532990173107e+01 1.143944193061840053e+02 1.957145425489412673e+02
1.052074128069978656e+02 2.051405127367733598e+02 2.422246703388416051e+02
6.948803396809057631e+01 5.826588903843278189e+01 1.208860589812332478e+02
8.649725083249438740e+01 1.234163408386139906e+02 4.540798060786872981e+01
2.228789841992037850e+02 1.208395308689337639e+02 7.525881567856139043e+01
1.062752774728625411e+02 1.910356708552898226e+02 1.361699463327370268e+02
1.096344569288389579e+02 2.040439663236669787e+02 1.065537885874649220e+02
1.366045035914158632e+02 2.447328409525022153e+02 1.645909752547307221e+02
1.368466844873674404e+02 2.376315220329818771e+02 4.281500513874614455e+01
1.179520363030616323e+02 2.095934592613476184e+02 2.345841392649903412e+02
9.310755537155868922e+01 1.695794314381271022e+02 6.112164691203992817e+01
2.484013867488443594e+01 8.765068493150684503e+01 3.914005352363960810e+01
2.302328082311224762e+02 2.142504435994930247e+02 1.432640909090908963e+02
1.405240911462863096e+02 1.206110665597433780e+02 1.976130952380952408e+02
1.576151964485247561e+02 2.468841220315479177e+02 4.749176470588235333e+01
9.769454177372888637e+01 1.926413586413586359e+02 1.311670395227442327e+02
1.122655826558265630e+02 1.899777777777777885e+02 6.374025974025973795e+01
1.845802093244529090e+02 2.314401433691756154e+02 1.374583333333333428e+02
7.077346828609987028e+01 1.627361914455229339e+02 1.040772097976570763e+02
4.877172709659562599e+01 1.100998881252996711e+02 1.423724219210371302e+02
1.469856164383561747e+02 2.373711083437110858e+02 4.423717948717948900e+01
1.163381294964028712e+02 7.542767295597484178e+01 1.740702576112412316e+02
5.653094000944733466e+01 1.902699029126213475e+02 2.547640117994100351e+01
1.654460523905477132e+01 1.676681165724228038e+02 1.170260570304818089e+02
2.368047099958864692e+02 1.277081062275310188e+02 1.349398362406550334e+01
8.378874187037452259e+01 4.199890150128157984e+01 2.023283283283283254e+02
2.206998070773540377e+01 6.104450118548240312e+01 2.304496527777777715e+02
2.148667789541225659e+02 1.128109943850751620e+02 1.018310486634681240e+02
3.813332067230082600e+01 1.225814015454303245e+02 8.360059026069848187e+01
1.021380757528066283e+02 9.283777239709442597e+01 1.670815471201053697e+02
4.977953496324158067e+01 2.019962264150943554e+01 2.133189655172413666e+02
5.416103615758230205e+01 1.351940273325459714e+02 4.630361530361530242e+01
3.196448303078137343e+01 9.526175687666370351e+00 9.336589147286821344e+01
3.997501014198783054e+01 7.321895937277263045e+01 2.814731494920174271e+01
6.253366734988233588e+01 7.003928150765607086e+01 1.422499252839211010e+02
5.051613882101160868e+01 1.069080342577487741e+01 1.618780528745278957e+02
4.300609968630184454e+01 2.346409784324039904e+01 1.198404620104674194e+02
2.902905970036889371e+01 7.269442017226313624e+01 1.632009132420091362e+02
2.320830292782771096e+02 1.507445802128498258e+02 1.093221813315490181e+02
7.076434216303233882e+01 1.625191189624329127e+02 2.402560617760617845e+02
1.316441277206938594e+02 1.184012051217675179e+02 5.059437751004016093e+01
1.474033463866144587e+02 1.078899676375404511e+02 2.335999999999999943e+02
2.448931943074538538e+02 2.133165346772258317e+02 1.036066066066066043e+02
9.032544770504138398e+01 1.921720676887297543e+02 1.293942289039767104e+02
1.257357534224945113e+02 1.558136870193062293e+02 7.024294813466788412e+01
1.388516384587684627e+02 2.450806754221388246e+02 1.877480314960629926e+02
1.653555642225689155e+02 1.802739656912209796e+02 1.278945927446954158e+02
9.764102564102563520e+01 1.259047817047816977e+02 1.756945481702763345e+02
3.911787974683544178e+01 1.156520051746442448e+02 2.291823204419889635e+02
7.105945475638050368e+01 1.489250000000000114e+02 2.421250000000000000e+02
9.160558839333691594e+01 1.255109329446064095e+02 2.208039364118092465e+02
1.111406808642934863e+02 1.442835574427931249e+02 2.431308763784097380e+02
5.881926121372031702e+01 1.101449773933556173e+02 2.327346133613887389e+02
3.836706020508734127e+01 9.898761704958296548e+01 1.881022900763358905e+02
2.539142193874101139e+01 7.447683039851715137e+01 1.105807486631016019e+02
6.136049831300285717e+01 9.346144430844553597e+01 1.358981481481481524e+02
1.134708847995966750e+02 5.913742819266460771e+01 2.011167152221412948e+02
4.861698420727252312e+01 1.585661327231121334e+02 3.954639959432048357e+01
1.189889761149156442e+02 4.822287533676218629e+01 2.030275526742301508e+02
2.974040632054176214e+01 5.357534246575342252e+01 1.554491525423728717e+02
6.205711117271970778e+00 8.377613516367476620e+01 1.721340118744698771e+02
6.250612088752869511e+01 1.000881294964028712e+02 3.638307984790874627e+01
1.375182890265840570e+02 9.272270742358078621e+01 4.419682539682539613e+01
1.486749285033365027e+02 1.673654860587791973e+02 1.089432624113475185e+02
2.484799420009666449e+01 1.204383031156486616e+01 9.051017915309446948e+01
1.114140150567471039e+02 2.413675132073069847e+02 2.875934230194319952e+01
1.772422943127578776e+02 2.292857142857142776e+02 4.326164232570955903e+01
1.427605295191722519e+02 2.488507994606048896e+02 1.473243162901308096e+02
1.299201921586858930e+02 6.308287292817679770e+01 1.536736166800320689e+02
8.434512578616352130e+01 1.067157894736842110e+02 1.483039889958734534e+02
1.355499077336017422e+02 2.462512077294686037e+02 1.895340136054421691e+02
1.837328584149599351e+02 2.489161053276178848e+02 1.686675178753830551e+02
1.097350759448957973e+02 2.356788247213779073e+02 1.182571839080459739e+02
7.630569607446378200e+01 1.520727411944869800e+02 1.119376417233560090e+02
6.193830034924330619e+01 1.653909883720930338e+02 2.018611111111111143e+02
1.522177689448308797e+02 1.610408456781245548e+02 2.509568064868236377e+02
7.877648465524113419e+01 5.256192159717167556e+01 1.438801930953774217e+02
1.258736819219480338e+02 2.443280602636534979e+02 1.059110832811521590e+02
6.825376199591789828e+01 1.711624239275641912e+02 2.268912248628884925e+02
1.577257731958762861e+02 1.801731996353692011e+02 2.418723404255319167e+02
1.322267258497838895e+02 1.240184413085311093e+02 2.144181720140199445e+02
3.575244869402985159e+01 1.176654796349877614e+02 1.557423580786026207e+02
9.079773958088061647e+01 1.549943139678615580e+02 1.039298913043478194e+02
5.844581377151799728e+01 1.449605911330049253e+02 8.642273307790549097e+01
6.786705317150700978e+01 1.041607214575194433e+02 1.649146579263992010e+02
9.174813372281727197e+01 8.921909000989120386e+01 1.946773109243697490e+02
1.245748357368376134e+02 2.017249999999999943e+02 1.360771152044957830e+02
6.097909229984701796e+01 1.488509615384615472e+02 1.057941176470588260e+02
1.233813554198657840e+02 1.151425353088987151e+02 2.245236225020214818e+02
1.511461925287356394e+02 2.443182207014542371e+02 1.673300865800865722e+02
8.076307891213002677e+01 9.606473630885724901e+01 1.645306936138035212e+02
1.241371399985707171e+02 2.452849035187287257e+02 1.894387351778656239e+02
8.056943952802359377e+01 1.628418054338299612e+02 1.819270298047276526e+02
3.866372404773581906e+01 6.113924334004924788e+01 1.525087139423076792e+02
2.304886039886039839e+02 1.599002557544756939e+02 7.173049645390071305e+01
1.080999560149549126e+02 2.303285661899523404e+02 1.073656488549618331e+02
1.072860059955684875e+02 2.131030561478322625e+02 1.534698367636621583e+02
5.600643500643500516e+01 1.075492125984251999e+02 1.535799207397622190e+01
6.223137632338787029e+01 1.146289910600255411e+02 2.269831932773109315e+02
6.639795448263153332e+01 1.684842767295597525e+02 9.189105655414292073e+01
5.132339375737423381e+01 1.387461227242076802e+02 2.432282958199356813e+02
6.366695260561870384e+01 1.417484047402005558e+02 3.751878762715382720e+01
1.124533576767273360e+02 2.223766157461809598e+02 1.006827747466874570e+02
7.575364924899513142e+01 8.819777955820075022e+01 1.480353965549876989e+02
1.183880015839493183e+02 2.128144416456759132e+02 1.319343589743589860e+02
9.069464952301949268e+01 2.113587994542974116e+02 7.032738669238186446e+01
8.661788141239173910e+01 1.931914681902805455e+02 1.193773865082732328e+02
1.325333568655135821e+02 2.227469032474054131e+02 1.582082111436950242e+02
1.041472260094389100e+02 1.925407901833872586e+02 9.766181818181817675e+01
4.841618298644605289e+01 1.307766633565044572e+02 2.395694760820045417e+02
1.008407203985183287e+02 2.416882165228696238e+02 1.419356046424560134e+02
6.693212933294495315e+01 1.342773826458036979e+02 6.041312272174969422e+01
1.357343796268877725e+02 2.446728971962616868e+02 1.727760736196319158e+02
1.098043828986286599e+02 2.268760183299388871e+02 4.800321543408360014e+01
5.900413098426830771e+01 1.119371711544413444e+02 1.970590163934426187e+02
1.159402697495183077e+02 2.223741504434972853e+02 1.545562162824914196e+02
9.141164241164241844e+01 1.765177261073291390e+02 5.293807607425678441e+01
6.773026623073330654e+01 1.892268170426065126e+02 8.697095358754094718e+01
2.833950016228497404e+01 7.622551130247578044e+01 1.105622489959839356e+02
5.301996105160662154e+01 7.177295105705184142e+01 1.402512515644555720e+02
7.766107765780731143e+01 1.598914491948917203e+02 2.137402799377916196e+01
9.124038145346925432e+01 2.272799145299145209e+02 1.433685714285714425e+02
9.351167389640214367e+01 1.253112308329879880e+02 2.269095831077422929e+02
1.031162105012359689e+02 1.229661826059050043e+02 2.236201182285105062e+02
1.085643741260552133e+02 9.811510478879357322e+01 2.209871163181138058e+02
1.456622665406090107e+02 8.970531278942493714e+01 2.357176687116564437e+02
3.514466948586690620e+01 1.521714087439278273e+02 6.939591836734693686e+01
1.344788519637462230e+02 1.217331002331002310e+02 7.689887640449438777e+01
9.045033865625154590e+01 1.020858262108262124e+02 2.034563176207044535e+02
6.622438313913639263e+01 1.723519071310116146e+02 1.209052333804809081e+02
8.210118807803533514e+01 1.792204378770909443e+02 1.089536903039073792e+02
7.105076852489102635e+01 8.925556056991811715e+01 1.732244858135269112e+02
9.163542366375587278e+01 1.513113299956465028e+02 2.161492439184746956e+02
1.301927710843373518e+02 8.778516057585825649e+01 1.976494845360824684e+02
1.108792372881355988e+02 1.875127334465195190e+02 2.173410764872521383e+02
1.384176079734219229e+02 2.245116396761133615e+02 7.604305283757338429e+01
5.558510796723752634e+01 2.366532995383361992e+02 1.870756797583081550e+02
6.172538382804503243e+01 3.661719457013574441e+01 8.829999999999999716e+01
6.421354967264446145e+01 1.724734724292101475e+02 3.312315010570824825e+01
7.267109074984841754e+01 5.333569628229363246e+01 1.951679247474160945e+02
5.753048718210601464e+01 1.075146764509673147e+02 1.904409937888198669e+02
1.250144793468205791e+02 2.272651311580294191e+02 1.046058690012970231e+02
9.202507645259939295e+01 2.247672955974842637e+02 1.500044247787610630e+02
5.767652119505709152e+01 1.680601984193711189e+02 3.726773296244784461e+01
2.390951238444710896e+02 1.781587107008941473e+02 1.118091585309158518e+02
1.129006211180124239e+02 2.129751937984496237e+02 7.656390977443608392e+01
2.859153802172670211e+01 9.264077669902913215e+01 1.523439635535307559e+02
1.060338584853510184e+02 2.417236024844720532e+02 1.487368421052631504e+02
8.713943785682916143e+01 2.447782200664311745e+02 1.119601950283750256e+02
1.335099085365853568e+02 1.529716446124763820e+02 2.176844660194174708e+02
4.287702241353718335e+01 1.071478537360890329e+02 2.617095336076817702e+01
4.362014841158568146e+01 1.056372521641999498e+02 7.472825150732127497e+01
8.739530141395756857e+01 1.634777877697841859e+02 2.123978991596638650e+02
8.646568627450980671e+01 1.820654168328679816e+02 1.332739322533136885e+02
4.494340750581202570e+01 5.367693057247259247e+01 1.346164179104477512e+02
1.070031107530062116e+02 2.017443573877042127e+02 1.221700926550898885e+02
7.381160330924704738e+01 1.698561267377950230e+02 1.186645021645021671e+02
9.718118329160627411e+01 1.940954499874655426e+02 7.565298226759806255e+01
1.763821793462775247e+02 4.981685575364667784e+01 1.084034195933456601e+02
1.216317076103073731e+02 8.370911676410175062e+01 4.123848625490896325e+01
1.024730808597748251e+02 2.185341009743135601e+02 1.528012618296529865e+02
1.087956857956857988e+02 2.013791612624297329e+02 1.405494327390599665e+02
9.190685296074516941e+01 1.996488549618320576e+02 7.044668008048289209e+01
3.504492261230652872e+01 1.060091743119265999e+02 1.425105485232067437e+01
1.738937105190881596e+02 2.368112370625923973e+02 1.460335463258786035e+02
1.360021772939346931e+02 1.479851036269430153e+02 1.357655068078668705e+02
1.011234610716143578e+02 2.158828606658446461e+02 1.378424015009380810e+02
2.398782358581016183e+02 2.055230096640589181e+02 1.170718685831622139e+02
8.923192735093797978e+01 1.695561837455830414e+02 2.075113154172560144e+02
5.707851539183081968e+01 1.301867282752193944e+02 1.040950030845157244e+02
7.617321043811347181e+01 5.328424068767908039e+01 1.415376411543287247e+02
1.609424048501178959e+02 1.275298681148176883e+02 2.144916820702403015e+02
2.606382978723404165e+01 5.738891013384321127e+01 1.688199233716475192e+02
1.455054261829078825e+02 2.505908472269479432e+02 9.749180865006553631e+01
7.697937559129611884e+01 9.012038955656858263e+01 1.904136159280668039e+02
1.213656099241902098e+02 2.379569288389513133e+02 6.933333333333332860e+01
5.914025393839642675e+01 7.079964075767472309e+01 1.515806309287447675e+02
2.238938053097345104e+01 2.216638176638176674e+02 1.004644444444444389e+02
5.726576955424726378e+01 4.249306518723994230e+01 1.469059139784946240e+02
1.058691419141914167e+02 1.568376599634369200e+02 5.408333333333333570e+01
2.214361107127491834e+02 1.498448914769719522e+02 7.276988155668358615e+01
5.351749408983451417e+01 1.514290850673194484e+02 4.600504015035024707e+01
1.480208202646593065e+02 2.501504139646804390e+02 1.814957394601829037e+02
1.022868910095429413e+02 1.989404466501240734e+02 2.329390787518573518e+02
4.595909090909091077e+01 1.184684898929845360e+02 7.287817258883248428e+01
9.699724197107134671e+01 1.985286582361635794e+02 5.728215297450424970e+01
1.169597715318869149e+02 5.019395322304620777e+01 1.968040350587068019e+02
3.007390230159074207e+01 1.309984229616779601e+02 7.243065693430656893e+01
1.428773615113672690e+02 2.217298850574712503e+02 9.053061224489795222e+01
9.808238482384824408e+01 1.875411764705882263e+02 6.805833333333333712e+01
1.515519530913167330e+02 1.378431514649549570e+02 2.389280682239525504e+02
1.106933794259375645e+02 2.238308285163776361e+02 1.534715650591446661e+02
7.131600277906437668e+01 1.639473109473109389e+02 8.525304414003043973e+01
2.253800807307227956e+02 1.226304104417927618e+02 3.852620632279533908e+01
9.474909990999100273e+01 3.373887240356083339e+01 1.713771043771043878e+02
1.404134093563233989e+02 1.391384118935115737e+02 2.318296922715527444e+02
3.083402318882676241e+01 9.758690847861929285e+01 2.205424107142857224e+02
8.717640536644860561e+01 7.514340252922930574e+01 1.594339401056958252e+02
9.790303917093994812e+01 3.567701253861530120e+01 1.968222135348796940e+02
8.717716303708063208e+01 7.260644399460190357e+01 1.765677026535805112e+02
5.337222611539360173e+01 1.665709664375252785e+01 6.987427184466019980e+01
1.212586483881332384e+02 2.268172317954418986e+02 1.050589625428335125e+02
2.469051889814221568e+02 1.425789877300613568e+02 1.784674620390455573e+02
1.237670753064798532e+02 6.300705467372134194e+01 2.375765472312703537e+02
4.000980610652997882e+01 5.646320754716980872e+01 1.502560646900269603e+02
9.978837663747557940e+01 7.746406223575174010e+01 2.062494471472799660e+02
1.144875554040231833e+02 2.229301513387659952e+02 5.581510934393638479e+01
1.465974935032274402e+02 1.414134413125788683e+02 2.442153564110859350e+02
8.974580093774110878e+01 1.148463973470003054e+02 1.687176881549698351e+02
1.183505881543647291e+02 2.260315480557593446e+02 2.449762700534759290e+02
1.156303676121058430e+02 1.985149148317407537e+02 1.178339567747298418e+02
8.642135179826374269e+01 1.934915997078159364e+02 5.395454545454545325e+01
5.438115530303030454e+01 1.100689056166763180e+02 8.198965307364576915e+01
3.513734533183352227e+01 2.802618816682832303e+01 1.011918118713698789e+02
1.456197216890595030e+02 1.563218390804597675e+02 2.174245575908103092e+02
1.415210514591223045e+02 2.324423791821561451e+02 1.634032586558044784e+02
7.725394153814447407e+01 1.827893866506313998e+02 2.002760736196319158e+02
1.834689416419386703e+02 7.297021297721292399e+01 3.314000972289742464e+01
1.385532906863276708e+02 1.198170323540349642e+02 6.035620915032679790e+01
4.736123836479822558e+01 9.584918063142301037e+01 2.303854700854700752e+02
1.554960239498549868e+02 2.478657379964433858e+02 1.564380214541120324e+02
8.838721940622737350e+01 1.952106371774618196e+02 1.245809523809523824e+02
9.867137271937446030e+01 6.291106161841128142e+01 2.260429897410845115e+02
1.281925566343041965e+02 9.576957695769577583e+01 1.956221264367815991e+02
3.637242747334490645e+01 1.420715166461158958e+02 9.823509933774833769e+01
1.861565828378851108e+02 1.066946542801118625e+02 3.221159485675615031e+01
7.630317113176599264e+01 1.601571594877764824e+02 1.213342776203966054e+02
1.048959774360351958e+02 1.846153066966797951e+02 9.036290587077729697e+01
1.721649317603516067e+02 2.483935934031081558e+02 1.791344119477286938e+02
1.093371173504532550e+02 9.378470697029244718e+01 2.208187103594080440e+02
6.889595808383234044e+01 5.951279199110122420e+01 1.555928753180661488e+02
1.126982654677563005e+02 2.293924740265225068e+02 1.847374557092239229e+02
1.182764869888475801e+02 1.039121909633418568e+02 2.145482718894009224e+02
3.810934083099031255e+01 6.164630225080385628e+01 1.526525547445255597e+02
8.331282156822391016e+01 1.798885460856151042e+02 5.102066486972147175e+01
1.518499705101739892e+02 1.361661116552399733e+02 2.368595863166268884e+02
6.988718328093212051e+01 1.334921348314606746e+02 1.479823874755381610e+02
1.740159228996438401e+02 8.704540654699049185e+01 3.901559454191033183e+01
1.196508715643804379e+02 1.006707812279035892e+02 1.814597411411120333e+02
1.446098562628336879e+02 1.745469774217042982e+02 2.017808880308880362e+02
3.723627668422511761e+01 1.546034658511722739e+02 9.419332161687169958e+01
4.924812030075187863e+01 1.070860058309037868e+02 1.554929577464788792e+02
1.093959423158489983e+02 1.996568769057936095e+02 8.474548907882241622e+01
8.377111423608238283e+01 1.690046172539489646e+02 1.044684495192307736e+02
4.314295017909475405e+01 3.307278091959675237e+01 1.293764023210831624e+02
4.682651660719187703e+01 1.460663068619892044e+02 2.332832080200501323e+01
9.146592267835791290e+01 1.897247849882720914e+02 1.332994420334779875e+02
1.475618056780109271e+02 2.188433359314107634e+02 9.799347826086956559e+01
1.605280224179343520e+02 1.400581689428426841e+02 2.433872875092387176e+02
2.424097536450477719e+02 1.428964741185296248e+02 6.034688995215311280e+01
1.233531262288635446e+02 2.144393553859202655e+02 1.018571428571428612e+02
2.298315620542082627e+02 2.504875432525951453e+02 1.413752642706131155e+02
7.638943569553805446e+01 1.488099950519544734e+02 1.083207261724659674e+02
8.093248469223331654e+01 1.587993399339933944e+02 9.759413919413918848e+01
6.837917329093799879e+01 1.499348861831657018e+02 4.151890756302520913e+01
1.986076122205154491e+02 9.043788968824939900e+01 1.019509911894273131e+02
8.652364908643255603e+01 8.288827738029719683e+01 1.549293509477311943e+02
1.083492793621588532e+02 1.922035749751737796e+02 6.353394123606889821e+01
1.359960422163588412e+01 6.718888186986734290e+00 6.508771929824561653e+01
8.515563506261180748e+01 1.327071139126519661e+01 5.558912037037037379e+01
7.804260103691673578e+01 1.821613242249080429e+02 2.305775054073540105e+02
5.245699239321240270e+01 1.332374420012104110e+02 3.045495969155275162e+01
2.244296135340679825e+02 1.122365591397849443e+02 5.727651515151514872e+01
5.429860042111223351e+01 1.303169759157850081e+02 8.573096164535852992e+00
7.744140625000000000e+01 1.901847619047618991e+02 1.448249258160237503e+02
2.523919612819453562e+02 7.551098018211033036e+01 1.702443762781186081e+02
5.928649290755362955e+01 6.842495464291604890e+01 1.451856812933025367e+02
7.441444359756097526e+01 1.586042430086788784e+02 1.921004464285714164e+02
1.402530022238695437e+02 7.855770185149837914e+01 2.950280767430977846e+01
1.342668534080298741e+02 6.703798882681564919e+01 4.699747793190416445e+01
1.459937207322264783e+02 9.047478115881617100e+01 4.095398773006134974e+01
1.450803508771929842e+02 8.004847645429363467e+01 3.112592592592592666e+01
1.191798859512700943e+02 2.056612072999532188e+02 2.327674650698602932e+02
1.144897422409258354e+02 8.507441016333937966e+01 1.731103723404255277e+02
1.368596165739022865e+02 1.218915325402379324e+02 9.583918669131237777e+01
2.467549295774647931e+02 1.135016772269847252e+02 1.418070175438596436e+02
1.588781144781144690e+02 2.235884057971014443e+02 6.884360189573459365e+01
1.550006418485237418e+02 2.057664233576642232e+02 1.353624595469255780e+02
8.304353741496598218e+01 1.801084010840108363e+02 5.889155251141552583e+01
8.220485202335413533e+01 4.919253575165678427e+01 1.965872340425531917e+01
8.632005253940455702e+01 5.168023255813953654e+01 1.557018072289156692e+02
1.095135150089915612e+02 1.721123512515387688e+02 4.653270042194093037e+01
1.479837546090952856e+02 2.474168443496801615e+02 1.605007380073800789e+02
7.900334029227558119e+01 9.981440443213296021e+01 2.142080924855491446e+02
4.707231287231287098e+01 1.529012261580381562e+02 2.744695787831513201e+01
4.994376114918787124e+01 1.368082547936301694e+02 2.224319526627218977e+02
5.781191408567698886e+01 1.031213176607168833e+02 1.570874813196919320e+02
1.387079240340536899e+02 2.402441755463247262e+02 1.676760869565217433e+02
5.561296162201303162e+01 1.738562434417628424e+02 4.206858846918488837e+01
9.386183090164311693e+01 2.307815269256986994e+02 1.067337251356238710e+02
3.923302552960347356e+01 1.216334904352647612e+02 5.469275362318840905e+01
1.572103174603174693e+02 2.403337696335078419e+02 1.338375451263538025e+02
1.182190438561833332e+02 1.820187396931687545e+02 1.347829357616549544e+02
1.956739871890857785e+02 1.622187109241787084e+02 2.476302275327316522e+02
2.276388147357181069e+01 4.545821124598855789e+01 1.163089390962671956e+02
1.193508245877061427e+02 1.125542168674698758e+02 2.273584183673469283e+02
4.100570330124233465e+01 5.505599085474766952e+01 1.298456362749878110e+02
1.387927525554839292e+02 2.422568910032181293e+02 1.221592009685229954e+02
1.550454371897670853e+02 1.386067687348912045e+02 2.451195469798657598e+02
