1.286501486620416301e+02 1.294450934579439263e+02 1.280770975056689451e+02 1.295857988165680581e+02
1.295916402356139656e+02 1.284022242817423489e+02 1.309088575096277225e+02 1.306902298850574766e+02
1.282815939278937378e+02 1.282908316893365281e+02 1.284832477783297406e+02 1.290738628829067807e+02
1.278630918425556189e+02 1.335375886524822704e+02 1.404540229885057556e+02 1.461636363636363569e+02
1.315849408836340899e+02 1.320653120464441201e+02 1.275416666666666714e+02 1.257419354838709609e+02
1.288004477134633703e+02 1.273885224274406340e+02 1.265780346820809257e+02 1.257181008902077082e+02
1.283260751224823082e+02 1.297712952158693156e+02 1.298695652173913118e+02 1.303614457831325240e+02
1.271967149508535897e+02 1.314147224456959009e+02 1.366087551299589506e+02 1.366502463054187331e+02
1.266080996884735157e+02 1.270363636363636317e+02 1.278019480519480453e+02 1.278691588785046775e+02
1.285833333333333428e+02 1.289928532160527652e+02 1.282228535353535221e+02 1.377384155455904420e+02
1.307194513715710684e+02 1.289842440496144889e+02 1.287616747181964456e+02 1.279579831932773146e+02
1.323923196678775298e+02 1.282955254942768022e+02 1.320654911838790895e+02 1.305597484276729574e+02
1.285258681785967383e+02 1.256120319214241903e+02 1.297557894736842172e+02 1.276745562130177518e+02
1.286900053447354253e+02 1.300739411342426308e+02 1.286907675194660783e+02 1.280625000000000000e+02
1.325593471810088886e+02 1.346503937007873901e+02 1.337007299270073020e+02 1.324210526315789593e+02
1.539300751879699192e+02 1.553766613503455574e+02 1.526840909090909122e+02 1.523693467336683511e+02
1.397677306733167200e+02 1.361346291560102202e+02 1.336921035169210370e+02 1.331383737517831776e+02
1.280896126011068645e+02 1.284010025062656553e+02 1.301079577072899269e+02 1.300801687763712948e+02
1.278961995249406129e+02 1.276093680954485166e+02 1.273239845261121843e+02 1.276153846153846132e+02
1.249352380952380912e+02 1.235422680412371079e+02 1.243080684596577044e+02 1.269017543859649066e+02
1.280000000000000000e+02 1.280000000000000000e+02 1.280000000000000000e+02 1.280000000000000000e+02
1.280000000000000000e+02 1.280000000000000000e+02 1.280000000000000000e+02 1.280000000000000000e+02
1.249284649776453051e+02 1.220313504823151192e+02 1.221378091872791458e+02 1.206520146520146568e+02
1.372082860385925187e+02 1.443191345503718708e+02 1.418495778971604011e+02 1.401792717086834728e+02
1.251648426812585484e+02 1.351805225653206719e+02 1.259256198347107443e+02 1.255103338632750365e+02
1.271536603773584915e+02 1.268286684408552816e+02 1.284250267379679258e+02 1.271981696585709187e+02
1.261779964221824741e+02 1.274609850581073545e+02 1.279863713798977898e+02 1.265622317596566546e+02
1.279685287175452402e+02 1.280197941409342945e+02 1.280042052144659408e+02 1.300474020054694506e+02
1.277796917497733489e+02 1.298498309995171383e+02 1.280937114673242831e+02 1.275854241338112303e+02
1.267999999999999972e+02 1.269940944881889777e+02 1.258464052287581723e+02 1.254315789473684220e+02
1.271130405175348983e+02 1.272148571428571415e+02 1.275277777777777715e+02 1.269379844961240309e+02
1.311148974130240958e+02 1.325185559202221555e+02 1.336686149936467700e+02 1.475584677419354875e+02
1.932616287821767287e+02 1.425802489765226824e+02 1.773851351351351298e+02 1.386436233611442219e+02
1.473187736245275232e+02 1.464341463414634177e+02 1.442105263157894797e+02 1.316666666666666572e+02
1.365291028446389419e+02 1.439591516103692186e+02 1.467184557438794741e+02 1.350119760479041986e+02
1.298323457650749333e+02 1.273155381944444429e+02 1.328778517110266080e+02 1.315124999999999886e+02
1.345330151978837137e+02 1.449821428571428612e+02 1.369245014245014147e+02 1.408580246913580254e+02
1.333811074918566817e+02 1.295666666666666629e+02 1.412714617169373525e+02 1.453775811209439439e+02
1.304493747478822172e+02 1.254481837606837615e+02 1.260738916256157580e+02 1.244223954642097851e+02
1.212559012875536411e+02 1.190341040462427742e+02 1.082467353951890061e+02 1.110457446808510582e+02
1.318880976602237922e+02 1.447156084656084545e+02 1.393346456692913478e+02 1.264736842105263150e+02
1.280406067309211551e+02 1.282214261344250872e+02 1.286944780330511833e+02 1.313098039215686299e+02
1.298895985401459825e+02 1.290234680573663582e+02 1.298680057388809246e+02 1.281290322580645125e+02
1.307243860084346352e+02 1.326063745019920361e+02 1.294843049327354265e+02 1.344831115660184366e+02
1.336741333333333444e+02 1.324583866837388086e+02 1.243726114649681591e+02 1.249493670886076018e+02
1.268353394318728959e+02 1.272783505154639130e+02 1.266238805970149315e+02 1.274720496894409933e+02
1.215352422907488972e+02 1.156857440166493234e+02 1.158672086720867185e+02 1.231083333333333343e+02
1.366815434681543593e+02 1.403292117465224180e+02 1.453720316622691371e+02 1.863666666666666742e+02
1.301716703056768552e+02 1.387461221905666378e+02 1.412908458864426393e+02 1.394323432343234401e+02
1.284400666954857115e+02 1.288594738594738658e+02 1.278462484624846240e+02 1.254307580174927068e+02
1.361616075245831610e+02 1.661114180478821254e+02 1.859020446980504175e+02 2.034319248826291187e+02
1.273150271575135832e+02 1.286900060885448340e+02 1.305466718416456331e+02 1.359778660612939802e+02
1.275005469262743389e+02 1.322853604843147934e+02 1.268358479179239566e+02 1.276189678284182349e+02
1.273832375055285269e+02 1.262512062726176083e+02 1.245934819897084083e+02 1.279051768323936500e+02
1.316780847145488167e+02 1.290932982917214247e+02 1.265310344827586277e+02 1.264684684684684726e+02
1.330140210315473155e+02 1.340555555555555429e+02 1.284894736842105374e+02 1.257383177570093409e+02
1.859636281993713567e+02 1.285052631578947455e+02 1.756188197767145027e+02 1.482785234899328941e+02
1.282900943396226410e+02 1.270000000000000000e+02 1.264690831556503241e+02 1.287711670480549060e+02
1.276755260243632364e+02 1.276921985815602767e+02 1.305084967320261455e+02 1.269824561403508767e+02
1.262567567567567579e+02 1.255120274914089293e+02 1.245539033457249047e+02 1.254779116465863495e+02
1.245017331022530271e+02 1.217056451612903203e+02 1.202548725637181377e+02 1.250892857142857082e+02
1.268897535667963723e+02 1.347525551371705319e+02 1.270308022922636155e+02 1.297640984908657629e+02
1.279835955604341962e+02 1.285326251896813403e+02 1.285765765765765707e+02 1.289025974025973937e+02
1.171526410647442162e+02 1.182908982748364082e+02 1.228119935170178252e+02 1.250138888888888857e+02
1.252342975206611584e+02 1.198765498652291086e+02 1.221734523145566129e+02 1.216307692307692321e+02
1.369026000825423068e+02 1.327143579373104103e+02 1.332083969465648750e+02 1.411602288984263112e+02
1.244163855421686691e+02 1.253433373349339774e+02 1.274577922077922096e+02 1.311212121212121247e+02
1.395873047131416627e+02 1.386031134917977852e+02 1.336081081081080981e+02 1.308813863928112937e+02
1.267860097606321119e+02 1.289824033955256937e+02 1.277110874200426451e+02 1.253068559733947325e+02
1.279725916968964157e+02 1.334569067296339995e+02 1.545716034271725903e+02 1.482378854625550559e+02
1.353641558441558459e+02 1.476388888888888857e+02 1.582797202797202658e+02 1.454893617021276668e+02
1.269538106235565778e+02 1.331382488479262634e+02 1.385539568345323858e+02 1.394117647058823479e+02
1.301575178997613307e+02 1.286399511798209971e+02 1.294858921161825833e+02 1.278007438894792784e+02
1.236195826645264901e+02 1.281100628930817606e+02 1.241446808510638249e+02 1.219598214285714306e+02
1.344109725685785577e+02 1.348426596445029588e+02 1.334380292532717363e+02 1.304090121317157696e+02
1.275577777777777726e+02 1.272119487908961588e+02 1.285235294117647129e+02 1.263866666666666703e+02
1.385604043392504821e+02 1.394397473275024311e+02 1.397943686006825885e+02 1.390588235294117680e+02
1.348177570093457973e+02 1.314173806609547057e+02 1.336105563480741694e+02 1.365255905511810965e+02
1.263123689727463272e+02 1.288489065606361805e+02 1.287549668874172255e+02 1.272359550561797761e+02
1.353763886013937849e+02 1.399696484343717486e+02 1.434399931224209013e+02 1.435525965379493982e+02
1.268923476005188036e+02 1.533955954323001549e+02 1.783746478873239312e+02 1.436693227091633389e+02
1.260138264483840800e+02 1.270437245129134567e+02 1.236802030456852748e+02 1.253937499999999972e+02
1.269668367346938709e+02 1.272305194805194759e+02 1.278679245283018844e+02 1.282432432432432563e+02
1.309782336752564333e+02 1.290615114235500869e+02 1.327081395348837134e+02 1.243435582822085905e+02
1.312462767889574877e+02 1.340416141235813257e+02 1.328969696969697054e+02 1.753172413793103317e+02
1.282977570093457871e+02 1.280114309906858523e+02 1.284483362521891365e+02 1.282253521126760631e+02
1.260155586987270198e+02 1.228085153320097049e+02 1.217448979591836746e+02 1.221824500434404825e+02
1.397185345676580539e+02 1.358961952026468225e+02 1.337487179487179390e+02 1.336666666666666572e+02
1.332583597578552883e+02 1.287630177898974182e+02 1.292973612990527670e+02 1.283065015479876081e+02
1.276887755102040813e+02 1.274602432179607092e+02 1.294931237721021660e+02 1.298860103626942646e+02
1.249601310759148021e+02 1.269898119122257043e+02 1.276946702800361351e+02 1.227113402061855680e+02
1.273267871170463508e+02 1.248647166361974428e+02 1.260696661828737319e+02 1.271758349705304454e+02
1.278956714761376219e+02 1.220453879941434820e+02 1.245621890547263746e+02 1.225804195804195871e+02
1.278881554822148843e+02 1.290950920245398663e+02 1.315555555555555429e+02 1.237999999999999972e+02
1.252983594048073286e+02 1.255407020164301741e+02 1.267766143106457264e+02 1.296573426573426673e+02
1.267206284153005527e+02 1.276982332155477025e+02 1.281086105675146882e+02 1.269035369774919673e+02
1.280819841543231234e+02 1.290414414414414352e+02 1.288657024793388359e+02 1.272637362637362628e+02
1.298094512195121979e+02 1.308998144712430474e+02 1.290544323483670155e+02 1.431942446043165376e+02
1.303168380462724940e+02 1.276284246575342536e+02 1.322226148409893938e+02 1.328469483568075020e+02
1.929140511830033802e+02 1.288587939698492448e+02 1.493285939968404534e+02 1.523576271186440749e+02
1.282669525401555291e+02 1.291554824006077524e+02 1.294207976146105068e+02 1.286697388632872503e+02
1.413266550522648117e+02 1.408669981354878757e+02 1.399720101781170456e+02 1.379386503067484568e+02
1.300332667997338660e+02 1.315473527218493643e+02 1.315593830334190102e+02 1.288365122615803955e+02
1.280000000000000000e+02 1.280000000000000000e+02 1.280000000000000000e+02 1.280000000000000000e+02
1.277439362439362469e+02 1.281348973607038033e+02 1.307572383073496667e+02 1.300568181818181870e+02
1.423016241299303886e+02 1.365287846481876386e+02 1.476845425867507799e+02 1.304272300469483525e+02
1.332339533383507160e+02 1.280449144227624458e+02 1.280607099143206824e+02 1.355983448275862031e+02
1.281135099531615822e+02 1.286767764298093653e+02 1.263221830985915517e+02 1.262463211772232938e+02
1.375487804878048905e+02 1.347232510288065725e+02 1.368535564853556536e+02 1.319111111111110972e+02
1.281863097255167645e+02 1.271993282710280369e+02 1.289230769230769340e+02 1.257808219178082254e+02
1.268066498012287724e+02 1.299497338852749806e+02 1.273074433656957893e+02 1.302240437158469888e+02
1.275360705870557041e+02 1.246610264560157049e+02 1.268317936874518921e+02 1.201250000000000000e+02
1.274388962812521839e+02 1.238000262605041968e+02 1.250537275064267391e+02 1.194445590510572401e+02
1.278235121665200751e+02 1.307529896907216482e+02 1.971739130434782510e+02 1.282482142857142833e+02
1.288153310104529510e+02 1.317845554834522943e+02 1.286463683052091085e+02 1.392063063063063169e+02
1.375435510887772068e+02 1.453418367346938851e+02 1.288709677419354875e+02 1.283392857142857224e+02
1.220199430199430140e+02 1.281630094043887027e+02 1.224350842418235885e+02 1.239456762749445744e+02
1.304648027958062642e+02 1.328771929824561369e+02 1.305116537180909972e+02 1.301100412654745639e+02
1.323306409588327313e+02 1.335439233817701563e+02 1.348420814479638068e+02 1.344759358288769988e+02
1.253557298164320031e+02 1.264996084573218411e+02 1.418086070215175596e+02 1.982025316455696213e+02
1.272408042578356060e+02 1.291949723178213389e+02 1.336393088552915742e+02 1.400000000000000000e+02
1.286492307692307691e+02 1.311608163265306075e+02 1.333365155131264999e+02 1.386046511627907023e+02
1.302400862068965637e+02 1.301994134897360595e+02 1.361351351351351298e+02 1.400000000000000000e+02
1.281081641110650651e+02 1.280224795640326931e+02 1.284703703703703752e+02 1.270212765957446805e+02
1.275365758754863776e+02 1.284893739230327299e+02 1.299087694483734197e+02 1.353824701195219120e+02
1.285117352828010837e+02 1.276253126563281626e+02 1.300062322946175755e+02 1.293274999999999864e+02
1.301072308956450172e+02 1.344162639790142180e+02 1.272165559772296035e+02 1.258129496402877692e+02
1.284403739906502437e+02 1.350733454924439911e+02 1.283911330049261039e+02 1.236684549356223215e+02
1.278586686575350768e+02 1.269957442629390840e+02 1.284835354573484096e+02 1.284411736777134081e+02
1.287083618136249754e+02 1.290026195153896538e+02 1.297690582959641290e+02 1.297892561983471182e+02
1.198028541226215680e+02 1.225458996328029428e+02 1.206224299065420524e+02 1.221485411140583608e+02
1.149333333333333371e+02 1.245787451984635084e+02 1.282079314040728946e+02 1.138404907975460105e+02
1.318813777149466659e+02 1.312760636128856788e+02 1.336058201058201007e+02 1.450311418685121225e+02
1.280000000000000000e+02 1.280000000000000000e+02 1.280000000000000000e+02 1.280000000000000000e+02
1.379125789218066984e+02 1.419974832214765001e+02 1.389198767334360696e+02 1.423681818181818244e+02
1.281540785498489470e+02 1.298278278278278322e+02 1.316496350364963632e+02 1.431451612903225907e+02
1.283537078651685306e+02 1.296966824644549661e+02 1.305000000000000000e+02 1.272790697674418539e+02
1.284765321726855802e+02 1.348222455955824444e+02 1.616556338028169080e+02 1.526125714285714423e+02
1.295848806366047654e+02 1.306724565756823893e+02 1.290232558139534831e+02 1.310283018867924625e+02
1.227957225664601282e+02 1.130695760598503767e+02 1.027849954254345874e+02 9.487561425061424814e+01
1.261632036267472614e+02 1.244185273159144884e+02 1.296081081081080981e+02 1.241914062500000000e+02
1.286454106280193344e+02 1.277495164410058095e+02 1.256106870229007626e+02 1.224126984126984183e+02
1.281893667861409938e+02 1.296254367575122330e+02 1.276273458445040205e+02 1.276750841750841801e+02
1.333001864512119425e+02 1.300095044127630786e+02 1.288212669683258014e+02 1.267530364372469620e+02
1.340933117583603007e+02 1.313091133004926121e+02 1.372021357742181635e+02 1.311990740740740762e+02
1.323575205640422894e+02 1.346110325318246055e+02 1.308577627772420442e+02 1.249294117647058755e+02
1.271333333333333400e+02 1.267723076923076917e+02 1.273629376601195560e+02 1.280903614457831452e+02
1.283180561043066064e+02 1.270639999999999930e+02 1.276689189189189193e+02 1.292142857142857224e+02
1.297913882702301294e+02 1.296494960806271024e+02 1.340794979079497864e+02 1.654766355140186818e+02
1.319150779896014001e+02 1.356081474296799172e+02 1.408271119842829080e+02 1.450031712473573009e+02
1.316461759001602161e+02 1.335350776308223146e+02 1.338344531040042966e+02 1.348771057718862210e+02
1.324129870129870028e+02 1.319376693766937763e+02 1.276636085626911381e+02 1.304417670682730943e+02
1.302031093279839524e+02 1.267134786117836995e+02 1.246203346203346172e+02 1.240811518324607334e+02
1.314405007251354789e+02 1.329266095852329670e+02 1.294381612550164107e+02 1.333992495309568369e+02
1.278886365786734842e+02 1.263682440547681978e+02 1.296346880907372281e+02 1.315010729613733815e+02
1.318844163312248554e+02 1.273573853989813216e+02 1.306999999999999886e+02 1.265495495495495533e+02
1.283215258855585716e+02 1.272448494453248742e+02 1.255758513931888558e+02 1.109301310043668138e+02
1.283650254668930302e+02 1.284362416107382501e+02 1.297963800904977347e+02 1.183396226415094361e+02
1.377477017364657854e+02 1.321702351702351734e+02 1.292841051314142646e+02 1.876930294906166239e+02
1.307111356119073946e+02 1.297258122099250386e+02 1.312586872586872460e+02 1.307057057057056966e+02
1.278516369664318262e+02 1.275569620253164516e+02 1.403162790697674325e+02 1.299385964912280826e+02
1.250000000000000000e+02 1.250000000000000000e+02 1.250573368540173504e+02 1.250000000000000000e+02
1.290896785109982829e+02 1.322756836659275734e+02 1.243090909090909122e+02 1.195199999999999960e+02
1.208997076023391770e+02 1.193011945392491526e+02 1.215811965811965791e+02 1.182692307692307736e+02
1.220317365269461050e+02 1.242159624413145593e+02 1.223075916230366431e+02 1.282402597402597451e+02
1.266132075471698073e+02 1.266990154711673711e+02 1.240858034321372827e+02 1.270604838709677438e+02
1.290048780487804834e+02 1.286765375854214142e+02 1.302530413625304107e+02 1.283380614657210401e+02
1.328531195840554631e+02 1.295354772843287492e+02 1.260365682137833971e+02 1.058109452736318445e+02
1.396430889033095468e+02 1.419589422407794075e+02 1.436773109243697490e+02 1.461821428571428498e+02
1.315914826498422769e+02 1.392596153846153868e+02 1.447548441449031031e+02 1.381476923076922958e+02
1.315290500424088123e+02 1.308356940509914921e+02 1.307958984375000000e+02 1.309148351648351536e+02
1.316611570247933969e+02 1.306211031175059816e+02 1.313447293447293589e+02 1.301271186440677923e+02
1.271788203753351212e+02 1.271925619834710801e+02 1.273505696757230510e+02 1.250369047619047649e+02
1.280642273258077068e+02 1.280753623188405754e+02 1.284824561403508767e+02 1.283298969072164937e+02
1.340389937106918126e+02 1.311093990755007610e+02 1.284495012468827895e+02 1.331746522411128240e+02
1.279759566542499414e+02 1.242541436464088349e+02 1.272312138728323703e+02 1.200862068965517295e+02
1.280192678227359977e+02 1.284743697478991464e+02 1.275962666666666649e+02 1.270650960942343488e+02
1.301890243902439011e+02 1.275263157894736850e+02 1.482912621359223238e+02 1.269578947368421069e+02
1.277825732899022739e+02 1.285987878787878742e+02 1.283175257731958823e+02 1.252818181818181813e+02
1.286239460370995005e+02 1.284951370468611742e+02 1.293406193078324122e+02 1.281492537313432933e+02
1.300764705882353098e+02 1.301718161266013567e+02 1.305478260869565190e+02 1.305948275862068897e+02
1.287236514522821551e+02 1.294343675417661075e+02 1.285712166172106947e+02 1.298859999999999957e+02
1.323562447168216352e+02 1.328710477765761198e+02 1.354202898550724683e+02 1.320404312668463547e+02
1.283245794171076852e+02 1.300365726227795165e+02 1.378994464944649394e+02 1.770858944050433479e+02
1.279855491329479804e+02 1.286968687541638872e+02 1.272866344605475035e+02 1.284977578475336202e+02
1.279991803278688565e+02 1.271628895184135928e+02 1.279939577039274923e+02 1.365132382892057024e+02
1.265771604938271651e+02 1.269697986577181155e+02 1.287791044776119520e+02 1.298222222222222229e+02
1.266315789473684248e+02 1.268637820512820582e+02 1.267654867256637203e+02 1.276748971193415656e+02
1.296379310344827616e+02 1.297809388335704170e+02 1.296401028277634850e+02 1.314035714285714391e+02
1.340346248969497083e+02 1.382320162107396015e+02 1.360918163672654657e+02 1.290532786885245855e+02
1.277830940988835664e+02 1.312715155027528340e+02 1.273251168720781976e+02 1.930337078651685374e+02
1.270273972602739718e+02 1.254132231404958731e+02 1.240386178861788551e+02 1.234302788844621546e+02
1.265406427221171981e+02 1.223229571984435751e+02 1.158224719101123554e+02 1.133738738738738761e+02
1.314035159443990324e+02 1.346479166666666742e+02 1.448285714285714221e+02 1.345555555555555429e+02
1.280000000000000000e+02 1.280000000000000000e+02 1.280000000000000000e+02 1.280000000000000000e+02
1.291621543570861377e+02 1.289870060991779326e+02 1.287750247770069336e+02 1.283630831643002068e+02
1.636502617801046995e+02 1.504716577540106925e+02 1.319094202898550634e+02 1.299383886255924097e+02
1.309258517034068063e+02 1.313533246414602331e+02 1.334972677595628454e+02 1.333148148148148096e+02
1.280055335968379495e+02 1.322899082568807216e+02 1.331735074626865583e+02 1.275178147268408537e+02
1.265149105367793254e+02 1.273010335917312688e+02 1.293183791606367663e+02 1.495691489361702224e+02
1.196204013377926429e+02 1.217494097807757214e+02 1.240974658869395739e+02 1.194051627384960739e+02
1.309939329050678225e+02 1.307380497131931065e+02 1.332689486552567359e+02 1.338295454545454675e+02
1.351782531194295984e+02 1.352101790763430813e+02 1.311512195121951265e+02 1.243226744186046488e+02
1.254924647544968366e+02 1.244100678733031629e+02 1.262369826435246978e+02 1.243674033149171265e+02
1.242954719877206458e+02 1.173155339805825292e+02 1.331530460624071281e+02 1.193739837398373993e+02
1.288357988165680581e+02 1.279521178637200620e+02 1.260747663551401843e+02 1.285000000000000000e+02
1.280000000000000000e+02 1.280000000000000000e+02 1.280000000000000000e+02 1.280000000000000000e+02
1.266382881857500564e+02 1.282985543683218168e+02 1.302066052227342539e+02 1.291405835543766614e+02
1.273702974881352077e+02 1.279126156557497467e+02 1.296482558139534831e+02 1.373013513513513431e+02
1.540838445807770825e+02 1.366246458923512819e+02 1.440379362670713306e+02 1.274619047619047620e+02
1.284235372340425556e+02 1.277818329278183285e+02 1.290040540540540519e+02 1.278224000000000018e+02
1.284002855977152251e+02 1.284420457465947152e+02 1.268783783783783718e+02 1.291727709951905183e+02
1.282154074074074117e+02 1.308374463519313338e+02 1.274354628422425009e+02 1.256837416481069027e+02
1.342970752546828805e+02 1.318643101482326188e+02 1.320608793686583908e+02 1.363726708074534031e+02
1.264196319018404893e+02 1.263736125126135192e+02 1.394602649006622528e+02 1.270275862068965580e+02
1.268645488638870518e+02 1.258043742405832290e+02 1.239744897959183731e+02 1.192970711297071063e+02
1.287156679982246033e+02 1.340007178750897481e+02 1.413833718244803777e+02 1.436993243243243228e+02
1.248357921744708108e+02 1.258481848184818546e+02 1.347069597069597080e+02 1.425652173913043441e+02
1.281357671200190964e+02 1.250334716459197750e+02 1.286237434179033130e+02 1.250116504854368884e+02
1.299703935910832513e+02 1.351678189817724842e+02 1.419308996088657295e+02 1.261886792452830122e+02
1.281777558731723445e+02 1.283556005398110642e+02 1.284485981308411340e+02 1.285901974132062549e+02
1.320732771683132398e+02 1.939517969369699131e+02 1.845739391341620319e+02 1.229332836377189722e+02
1.323553971486761611e+02 1.301506352087114351e+02 1.373366935483871032e+02 1.346285714285714334e+02
1.296954338201281871e+02 1.255910543130990362e+02 1.207219512195121922e+02 1.250458715596330279e+02
1.330036457542153983e+02 1.330790939472707066e+02 1.341002087682672368e+02 1.285263157894736707e+02
1.258994106090373322e+02 1.243135135135135130e+02 1.251844119693806476e+02 1.274427860696517456e+02
1.289182305630026804e+02 1.287649572649572747e+02 1.277572254335260169e+02 1.255762711864406782e+02
1.419489795918367463e+02 1.522813455657492341e+02 1.639201183431952700e+02 1.745764705882352814e+02
1.283540215326155760e+02 1.289859943977591001e+02 1.309917695473251058e+02 1.373000000000000114e+02
1.293377424167080960e+02 1.320151291512915179e+02 1.331006776379477117e+02 1.343825079030558527e+02
1.265436195689360233e+02 1.265798910177535532e+02 1.248490737377406532e+02 1.354262948207171178e+02
1.317234242709313321e+02 1.304495747266099670e+02 1.344420168067226768e+02 1.319166666666666572e+02
1.273418676019289819e+02 1.221168171557562090e+02 1.201700569568755128e+02 1.219249999999999972e+02
1.300669156551509218e+02 1.317655172413793139e+02 1.407576754385964932e+02 1.077990936555891182e+02
1.258540507111935653e+02 1.282728310502283193e+02 1.271281669150521623e+02 1.243218750000000057e+02
1.432914046121593401e+02 1.440471869328493710e+02 1.315321336760925419e+02 1.360999999999999943e+02
1.303383342526199726e+02 1.402137939826619117e+02 1.474154740608229019e+02 1.344014997973246750e+02
1.288791633511424379e+02 1.300687529634897999e+02 1.438331132386926470e+02 1.375588773642464844e+02
1.316274576271186447e+02 1.373433984606275828e+02 1.297030567685589517e+02 1.399593639575971622e+02
1.294246601569979020e+02 1.301869806094182707e+02 1.303295292439372588e+02 1.321666666666666572e+02
1.302076686931920904e+02 1.304270676691729420e+02 1.565507812500000000e+02 1.935309734513274407e+02
1.285033514203638845e+02 1.349275362318840621e+02 1.368906250000000000e+02 1.234666666666666686e+02
1.277142170989433225e+02 1.249153652392947151e+02 1.252741433021806898e+02 1.270681818181818130e+02
1.279763068822865790e+02 1.304074492099322811e+02 1.427668901495616183e+02 1.348166189111747713e+02
1.310587626732878164e+02 1.321246891651865099e+02 1.302133838383838338e+02 1.282616487455197216e+02
1.317034042553191568e+02 1.450586080586080584e+02 1.301666666666666572e+02 1.315454545454545325e+02
1.275853658536585300e+02 1.272048543689320326e+02 1.266360655737704946e+02 1.267647058823529420e+02
1.316176772867420368e+02 1.289411764705882320e+02 1.285904139433551165e+02 1.277951388888888857e+02
1.378392944634982769e+02 1.363588596981553849e+02 1.316910279263220502e+02 1.273016924208977230e+02
1.305455120101137823e+02 1.318482238966630860e+02 1.311797235023041424e+02 1.296240601503759535e+02
1.306105585309869923e+02 1.257848200312989064e+02 1.332551487414187648e+02 1.413127962085308127e+02
1.279379180602006727e+02 1.269623655913978553e+02 1.256187214611872207e+02 1.241164021164021136e+02
1.280000000000000000e+02 1.280000000000000000e+02 1.280000000000000000e+02 1.280000000000000000e+02
1.280627016816643504e+02 1.293515672484153924e+02 1.325107169253510619e+02 1.465743365112084575e+02
1.290784313725490335e+02 1.296528497409326235e+02 1.363892617449664328e+02 1.377654320987654444e+02
1.270953614606464299e+02 1.274529085872576246e+02 1.422253032928942673e+02 1.398852459016393368e+02
1.271937499999999943e+02 1.328134403209628829e+02 1.356751269035532914e+02 1.300124804992199756e+02
1.284468818552178107e+02 1.298229426433915137e+02 1.349875776397515494e+02 1.389462365591397770e+02
1.270879892940782838e+02 1.273414750957854409e+02 1.276745169082125670e+02 1.285057766367137333e+02
1.267305653710247384e+02 1.251863153028201623e+02 1.321859237536656906e+02 1.328259052924791206e+02
1.232002682163611951e+02 1.312007772020725440e+02 1.413093220338982974e+02 1.527104247104247179e+02
1.375442522889115082e+02 1.341171662125340731e+02 1.328100147275405050e+02 1.295236907730673295e+02
1.206952259164535377e+02 1.225952662721893489e+02 1.268565076798706599e+02 1.235418943533697700e+02
1.302545977011494358e+02 1.282312703583061761e+02 1.297666666666666799e+02 1.266140350877193015e+02
1.234220522940305926e+02 1.273285310734463280e+02 1.286402254009536250e+02 1.218792409430707266e+02
1.275020038695411841e+02 1.268574126534466444e+02 1.270350453172205505e+02 1.270585621970920869e+02
1.277047566976489890e+02 1.281833473507148824e+02 1.280413922859830791e+02 1.287817589576547164e+02
1.268700605197579279e+02 1.265367816091954012e+02 1.246494252873563227e+02 1.278115942028985472e+02
1.277619900497512475e+02 1.271871574001566216e+02 1.257146814404432149e+02 1.225817490494296607e+02
1.276179883945841453e+02 1.281897106109324795e+02 1.262830687830687850e+02 1.273669724770642233e+02
1.280000000000000000e+02 1.280000000000000000e+02 1.280000000000000000e+02 1.280000000000000000e+02
1.283147818343722122e+02 1.277900207900207903e+02 1.271920903954802213e+02 1.269032258064516157e+02
1.589549218031278883e+02 1.492373271889400996e+02 1.498492343934040036e+02 1.390964125560538207e+02
1.280633333333333326e+02 1.280246212121212182e+02 1.280779727095516591e+02 1.279265091863517085e+02
1.293960871170173448e+02 1.296069455406471889e+02 1.290465983224603974e+02 1.276708860759493689e+02
1.280000000000000000e+02 1.280000000000000000e+02 1.280000000000000000e+02 1.280000000000000000e+02
1.325787880518590498e+02 1.350545955128580715e+02 1.383796963655881029e+02 1.284442105263157998e+02
1.286837988826815717e+02 1.306449704142011967e+02 1.313864541832669204e+02 1.305862068965517153e+02
1.249567546880979734e+02 1.238533333333333388e+02 1.321681957186544309e+02 1.232756183745583058e+02
1.261002548853016094e+02 1.290595238095237960e+02 1.336946068875893445e+02 1.259626865671641838e+02
1.309562878278412938e+02 1.315037974683544348e+02 1.319600000000000080e+02 1.362222222222222285e+02
1.248766881972988898e+02 1.280238095238095184e+02 1.237991304347826116e+02 1.248951747088186295e+02
1.243254893336265638e+02 1.287247999999999877e+02 1.199969650986342913e+02 1.177683168316831654e+02
1.279262295081967267e+02 1.303523316062176036e+02 1.271871345029239819e+02 1.288000000000000114e+02
1.857288732394366093e+02 1.587388167388167517e+02 1.426570247933884161e+02 1.309650349650349597e+02
1.280000000000000000e+02 1.280000000000000000e+02 1.280000000000000000e+02 1.280000000000000000e+02
1.345557865557865682e+02 1.311892925430210255e+02 1.280796116504854467e+02 1.264522613065326624e+02
1.396564832494358654e+02 1.461941827120032826e+02 1.673721854304635883e+02 1.183919667590027700e+02
1.371890756302520913e+02 1.452103321033210364e+02 1.529550724637681185e+02 1.349606060606060680e+02
1.318310502283104881e+02 1.327350180505415267e+02 1.330106571936056810e+02 1.321295336787564736e+02
1.315722365756581382e+02 1.337456281514859029e+02 1.292265734265734238e+02 1.336169590643274887e+02
1.277513364373167803e+02 1.250489783653846132e+02 1.251744262295081995e+02 1.291960784313725412e+02
1.275392912172573148e+02 1.280766355140187045e+02 1.277883817427385935e+02 1.296530612244897895e+02
1.302594339622641542e+02 1.317844067796610261e+02 1.322284345047923182e+02 1.233844339622641542e+02
1.296294185821904534e+02 1.287156402737047927e+02 1.305058185404339213e+02 1.305324324324324436e+02
1.237802755620014494e+02 1.189278074866310106e+02 1.181104783599088819e+02 1.259230769230769198e+02
1.296474908200734433e+02 1.329833159541188650e+02 1.323906856403622214e+02 1.095908479138627172e+02
1.324423106586456811e+02 1.313631180677930956e+02 1.326037969459347892e+02 1.286982574136349626e+02
1.300537634408602230e+02 1.342469879518072275e+02 1.778812785388127793e+02 1.251350588235294055e+02
1.299057942451714496e+02 1.298638774307601693e+02 1.323747244673034515e+02 1.283899082568807444e+02
1.293876911015288158e+02 1.317046511627906966e+02 1.294739884393063676e+02 1.303216080402009993e+02
1.220772804054054035e+02 1.135728368017524588e+02 1.172660550458715534e+02 1.144411764705882320e+02
1.282379874213836501e+02 1.293009562154001060e+02 1.290731166912850938e+02 1.350735294117646959e+02
1.281151746724890756e+02 1.280483091787439491e+02 1.286719999999999970e+02 1.289605263157894797e+02
1.280394190871369346e+02 1.318382352941176521e+02 1.330571428571428498e+02 1.267777777777777715e+02
1.278433382137628058e+02 1.274778115501519693e+02 1.290683593750000000e+02 1.345617283950617207e+02
1.316292091343052562e+02 1.401028571428571468e+02 1.367285390346614804e+02 1.329616457461645780e+02
1.277055921052631646e+02 1.274684431977559598e+02 1.294252100840336084e+02 1.301407563025209981e+02
1.295896686159844080e+02 1.230328054298642542e+02 1.206239870340356504e+02 1.187917675544794207e+02
1.246931100741147418e+02 1.202893948472138987e+02 1.321452784503632074e+02 1.261157024793388359e+02
1.278619759745035509e+02 1.272706293706293650e+02 1.284761904761904816e+02 1.280681818181818130e+02
1.300470487596236069e+02 1.300473988439306368e+02 1.302881072026800666e+02 1.325311572700296665e+02
1.463889780631353688e+02 1.515959709009513290e+02 1.437377049180327901e+02 1.282977099236641152e+02
1.233578470987554567e+02 1.220253807106599027e+02 1.276491605682307409e+02 1.214918699186991802e+02
1.249000644745325559e+02 1.240176531671858839e+02 1.256148148148148209e+02 1.255619834710743845e+02
1.253216820677648258e+02 1.264115500214684431e+02 1.249888944977284240e+02 1.557112171837708843e+02
1.453737727910238391e+02 1.452570175438596607e+02 1.322425742574257299e+02 1.428297872340425556e+02
1.278128205128205082e+02 1.287036379769299117e+02 1.281376811594202820e+02 1.276826347305389220e+02
1.281088677990690883e+02 1.272272727272727337e+02 1.379412429378531044e+02 1.254786324786324769e+02
1.282443155452436088e+02 1.265840898232202534e+02 1.236585588324718827e+02 1.238960674157303430e+02
1.277305877305877289e+02 1.257560199909132166e+02 1.353641975308642031e+02 1.411935483870967687e+02
1.270040087463556802e+02 1.254000000000000057e+02 1.257332089552238870e+02 1.268513513513513544e+02
1.335993223544244017e+02 1.394673896204492678e+02 1.152499196916158013e+02 1.153637274549098208e+02
1.290853855206381127e+02 1.280239289170405641e+02 1.272291875626880682e+02 1.348972125435540192e+02
1.271971867673873362e+02 1.273120526767821303e+02 1.270796890184645349e+02 1.235333333333333314e+02
1.277289719626168250e+02 1.334476908576814367e+02 1.304238505747126453e+02 1.332432432432432563e+02
1.346933575978162025e+02 1.357639072847682087e+02 1.326736401673640273e+02 1.348383371824480434e+02
1.253145363408521291e+02 1.238031704095112246e+02 1.291274074074074178e+02 1.274262295081967267e+02
1.288728049359278600e+02 1.325643312101910851e+02 1.314328859060402692e+02 1.927191011235954932e+02
1.271036319612590830e+02 1.284499294781382162e+02 1.320573248407643234e+02 1.315263157894736707e+02
1.324614860259032127e+02 1.330253012048192716e+02 1.323696808510638334e+02 1.302840236686390654e+02
1.300285453993319038e+02 1.301477787851314645e+02 1.303573141486810414e+02 1.394502762430939242e+02
1.389115590292060745e+02 1.323008945513689412e+02 1.235573844759891244e+02 1.245506172839506149e+02
1.283486910994764401e+02 1.283211009174311812e+02 1.303520408163265358e+02 1.305000000000000000e+02
1.275639097744360839e+02 1.281658878504672998e+02 1.280520951302378307e+02 1.276176470588235361e+02
1.295085197018104282e+02 1.318836150845253599e+02 1.300249716231554942e+02 1.306230248306997623e+02
1.286615897191813360e+02 1.278870684610883615e+02 1.271462621885157063e+02 1.284875886524822590e+02
1.290933618843683064e+02 1.338376470588235350e+02 1.309706744868035173e+02 1.274537037037037095e+02
1.319482317356910244e+02 1.315725923244026205e+02 1.319799394398183097e+02 1.323310085836909877e+02
1.346760860396457247e+02 1.327771017699114964e+02 1.341822125813449134e+02 1.318985507246376869e+02
1.280000000000000000e+02 1.280000000000000000e+02 1.280000000000000000e+02 1.280000000000000000e+02
1.280000000000000000e+02 1.280000000000000000e+02 1.280000000000000000e+02 1.280000000000000000e+02
1.280000000000000000e+02 1.280000000000000000e+02 1.280000000000000000e+02 1.280000000000000000e+02
1.280000000000000000e+02 1.280000000000000000e+02 1.280000000000000000e+02 1.280000000000000000e+02
1.280000000000000000e+02 1.280000000000000000e+02 1.280000000000000000e+02 1.280000000000000000e+02
1.280000000000000000e+02 1.280000000000000000e+02 1.280000000000000000e+02 1.280000000000000000e+02
1.288784497944803320e+02 1.282263513513513260e+02 1.294734177215189845e+02 1.370952380952381020e+02
1.288620793043999697e+02 1.288847852977557977e+02 1.309369024856596582e+02 1.310565468710731238e+02
1.280000000000000000e+02 1.280000000000000000e+02 1.280000000000000000e+02 1.280000000000000000e+02
1.453158633598502547e+02 1.964734093067426386e+02 1.601506919528446815e+02 1.339957983193277187e+02
1.280000000000000000e+02 1.280000000000000000e+02 1.280000000000000000e+02 1.280000000000000000e+02
1.265388821385176215e+02 1.292875078468298682e+02 1.315734597156398138e+02 1.456393442622950829e+02
1.285061500615006196e+02 1.289730458221024207e+02 1.293304347826087053e+02 1.033260869565217348e+02
1.276228332337119014e+02 1.260610932475884312e+02 1.209593908629441614e+02 1.168431372549019613e+02
1.268261096605744171e+02 1.268552188552188511e+02 1.284802259887005675e+02 1.343369565217391255e+02
1.285545984627617315e+02 1.280346638655462073e+02 1.293610851262862411e+02 1.296303030303030255e+02
1.282344713134186804e+02 1.303423147581139006e+02 1.329967105263157805e+02 1.324761904761904816e+02
1.355571651437486196e+02 1.821662835249042018e+02 1.294113725490196032e+02 1.297127045235803564e+02
1.269288168557536522e+02 1.269075495841330792e+02 1.280940843297671563e+02 1.266407435508345998e+02
1.280150732728541527e+02 1.353331015299026490e+02 1.291034482758620641e+02 1.432583025830258237e+02
1.279997209821428612e+02 1.287123695976154920e+02 1.263566350710900537e+02 1.237166276346604263e+02
1.291304840079252756e+02 1.288985374771480679e+02 1.300916530278232415e+02 1.326516853932584183e+02
1.320519451812555189e+02 1.293967415899834066e+02 1.307263565891472865e+02 1.282364578426754633e+02
1.302475073313782730e+02 1.390742240215924426e+02 1.408385093167701996e+02 1.339375000000000000e+02
1.258683602771362615e+02 1.260298013245033104e+02 1.224610591900311505e+02 1.236954177897574141e+02
1.305511791269443052e+02 1.308783943329397914e+02 1.294386351128233343e+02 1.287368421052631504e+02
1.235796703296703356e+02 1.275370121130551837e+02 1.220072332730560589e+02 1.285759999999999934e+02
1.276520453425332704e+02 1.279362871927555005e+02 1.272858384013900945e+02 1.285216400911161827e+02
1.287196143693331862e+02 1.300885647303985309e+02 1.235769230769230802e+02 1.221062937062937124e+02
1.349210441508217855e+02 1.362975319148936251e+02 1.304335511982570779e+02 1.400580808080808026e+02
1.272786096256684516e+02 1.316148955495004600e+02 1.277511606313834704e+02 1.496344537815126046e+02
1.271504424778761120e+02 1.259931740614334501e+02 1.236489361702127638e+02 1.243846153846153868e+02
1.247825534079348984e+02 1.252176744186046449e+02 1.241387054161162524e+02 1.254586894586894630e+02
1.419914784831699990e+02 1.418396226415094361e+02 1.384458598726114644e+02 1.422253218884120258e+02
1.286716757741348260e+02 1.318058748403576033e+02 1.332293853073463197e+02 1.324366197183098564e+02
1.289624633431085101e+02 1.288867069486404944e+02 1.289911894273127757e+02 1.283809523809523796e+02
1.280000000000000000e+02 1.280000000000000000e+02 1.280000000000000000e+02 1.280000000000000000e+02
1.281343283582089612e+02 1.299243951612903345e+02 1.300515695067264517e+02 1.264447852760736168e+02
1.280000000000000000e+02 1.280000000000000000e+02 1.280000000000000000e+02 1.280000000000000000e+02
1.375502109704641214e+02 1.352748344370860991e+02 1.327322033898305165e+02 1.375229885057471222e+02
1.374975124378109399e+02 1.348403001071811502e+02 1.376618705035971288e+02 1.403208955223880707e+02
1.265333062550771785e+02 1.307874396135265727e+02 1.311752136752136835e+02 1.374714285714285609e+02
1.312284921369102619e+02 1.315541690300623827e+02 1.292886533665835316e+02 1.319054054054054177e+02
1.270840929138488633e+02 1.249738924050632960e+02 1.278829160530191444e+02 1.302394366197183047e+02
1.378664228659416722e+02 1.292893395390071021e+02 1.348207700650759193e+02 1.236637569832402193e+02
1.278827930174563647e+02 1.288905325443786865e+02 1.311733149931224318e+02 1.283279648609077697e+02
1.290179347826087053e+02 1.286300707547169679e+02 1.293154554504728821e+02 1.277884615384615330e+02
1.319010087194392327e+02 1.613861386138613909e+02 1.247697729052466684e+02 1.165205047318611946e+02
1.256995495495495447e+02 1.270857946554149152e+02 1.282894736842105203e+02 1.030915492957746409e+02
1.346243695248208212e+02 1.339270216962524671e+02 1.218912133891213330e+02 1.227037943696450384e+02
1.283972027972027945e+02 1.282897727272727195e+02 1.272207293666026828e+02 1.250224719101123583e+02
1.282855209742895681e+02 1.279015256588072162e+02 1.314934579439252218e+02 1.287004608294930961e+02
1.284819855884707636e+02 1.265332785538208640e+02 1.269520295202951985e+02 1.351666666666666572e+02
1.285342639593908700e+02 1.299808917197452161e+02 1.305835475578406033e+02 1.275591397849462396e+02
1.278312801731313471e+02 1.285972983305721868e+02 1.281296184130829658e+02 1.271903881700554564e+02
1.275996472663139372e+02 1.287504570383912323e+02 1.285992714025501016e+02 1.278061538461538476e+02
1.353020489094514289e+02 1.288323272971160236e+02 1.275039577836411553e+02 1.419625000000000057e+02
1.298238453276047153e+02 1.484974619289340012e+02 1.617808219178082254e+02 1.408000000000000114e+02
1.289754213483145975e+02 1.282771565495207540e+02 1.537565543071161187e+02 1.250458015267175540e+02
1.312307330827067631e+02 1.308312500000000114e+02 1.283846153846153868e+02 1.277500000000000000e+02
1.350732027574132701e+02 1.331908602150537604e+02 1.381703056768558895e+02 1.432441421012849503e+02
1.200662162162162190e+02 1.257189922480620226e+02 1.206289926289926342e+02 1.188620689655172384e+02
1.287791636096845309e+02 1.292452107279693507e+02 1.224090236686390512e+02 1.221474820143884870e+02
1.330979413599500845e+02 1.294759080800592983e+02 1.283230016313213753e+02 1.274067641681901222e+02
1.298955777460770378e+02 1.283779641411220496e+02 1.320175942549371655e+02 1.368356741573033730e+02
1.467632211538461320e+02 1.482740270055599581e+02 1.503549905838041525e+02 1.432088607594936605e+02
1.296916790490341782e+02 1.301523489932885980e+02 1.390886524822695094e+02 1.310569105691056961e+02
1.321246648793565726e+02 1.305780027611596950e+02 1.384143814747105523e+02 1.336007326007326128e+02
1.276972602739726028e+02 1.280253731343283619e+02 1.288496093750000000e+02 1.280000000000000000e+02
1.282925170068027114e+02 1.296513409961685852e+02 1.307672413793103487e+02 1.315219298245613970e+02
1.284001168224299079e+02 1.287207602339181278e+02 1.300794392523364422e+02 1.640869565217391255e+02
1.352534343912837471e+02 1.316720430107527022e+02 1.285338345864661562e+02 1.264186046511627950e+02
1.275421722403077780e+02 1.334709595959595845e+02 1.502668918918919019e+02 1.738390804597701162e+02
1.287718994928538621e+02 1.357199434229137296e+02 1.320399999999999920e+02 1.324980079681274958e+02
1.304974622867615892e+02 1.313088861838101025e+02 1.287455813953488359e+02 1.321163490471414264e+02
1.310248983739837456e+02 1.311050583657587651e+02 1.321899038461538396e+02 1.304285714285714164e+02
1.282805222300635251e+02 1.309866108786610823e+02 1.364626407369498509e+02 1.412390670553935763e+02
1.297866666666666617e+02 1.305387596899224718e+02 1.491343873517786562e+02 9.911842105263157521e+01
1.308997223583210712e+02 1.310425531914893611e+02 1.333798543689320297e+02 1.363208955223880707e+02
1.270505584950029458e+02 1.278742514970059858e+02 1.299448529411764639e+02 1.284595588235294201e+02
1.542877736252002023e+02 1.487108938547486048e+02 1.498645038167938992e+02 1.371538461538461604e+02
1.276047008547008517e+02 1.273765211166786031e+02 1.285130748422001830e+02 1.306326530612245165e+02
1.306603934987168714e+02 1.296097328244274820e+02 1.309666666666666686e+02 1.326585365853658516e+02
1.280000000000000000e+02 1.280000000000000000e+02 1.280000000000000000e+02 1.280000000000000000e+02
1.299701451657080327e+02 1.305103448275862092e+02 1.304073170731707307e+02 1.305314285714285631e+02
1.365922904880936812e+02 1.414700227675183442e+02 1.185767882187938227e+02 1.207729729729729797e+02
1.242756869083352598e+02 1.261538224414303357e+02 1.261869017632241849e+02 1.931414473684210407e+02
1.290653254151011993e+02 1.321956543406757589e+02 1.372575067024128828e+02 1.367654723127035936e+02
1.283944045555830655e+02 1.309431906614786101e+02 1.247095032397408261e+02 1.314706994328922463e+02
1.403351548269581031e+02 1.339242125984251857e+02 1.363294117647058954e+02 1.377228260869565304e+02
1.277384741399485080e+02 1.264044679600235099e+02 1.294846335697399411e+02 1.252900000000000063e+02
1.286104438642297509e+02 1.262892561983471040e+02 1.590000000000000000e+02 1.191862068965517238e+02
1.243745328175201621e+02 1.253230421686747036e+02 1.262637795275590520e+02 1.272777777777777715e+02
1.344886472524267731e+02 1.340249141985509027e+02 1.345339930600179912e+02 1.286968609865470796e+02
1.306558109833972026e+02 1.312852233676975970e+02 1.318242074927953809e+02 1.295255813953488371e+02
1.253858723756334683e+02 1.269775980911983027e+02 1.286675786593707187e+02 1.227750573833205863e+02
1.279271362331640489e+02 1.277718709677419326e+02 1.256383928571428612e+02 1.252804878048780495e+02
1.280212389380531022e+02 1.279614395886889469e+02 1.271632047477744862e+02 1.252827225130889985e+02
1.332422192151556146e+02 1.341384248210023884e+02 1.328245614035087669e+02 1.304548192771084416e+02
1.277219039224327872e+02 1.277598140495867796e+02 1.305000000000000000e+02 1.284946236559139834e+02
1.318305847076461816e+02 1.268382352941176521e+02 1.274068767908309496e+02 1.238556485355648533e+02
1.278983161680562404e+02 1.276545879602571603e+02 1.278546348314606718e+02 1.278682505399568043e+02
1.283119494764832780e+02 1.287777587388622464e+02 1.297517006802721085e+02 1.253898305084745743e+02
1.235626501888087887e+02 1.287932222860424929e+02 1.300823170731707421e+02 1.219453441295546554e+02
1.288385252929408296e+02 1.295807339449541189e+02 1.296321428571428669e+02 1.280000000000000000e+02
1.258290318767484877e+02 1.217929380764163341e+02 1.190608125157708770e+02 1.189320695102685619e+02
1.285015045135406240e+02 1.470438388625592552e+02 1.524079497907949872e+02 1.532472527472527588e+02
1.330652353426919774e+02 1.306217194570135689e+02 1.343445378151260456e+02 1.417164179104477739e+02
1.281925102399063690e+02 1.286901279707495291e+02 1.294394463667819934e+02 1.264672131147541023e+02
1.145408942202835334e+02 1.118932448733413736e+02 1.300255474452554836e+02 1.475905511811023700e+02
1.277340996991835027e+02 1.281183213920163837e+02 1.269624866023579841e+02 1.290057971014492750e+02
1.280955470362724782e+02 1.292170940170940128e+02 1.335555555555555429e+02 1.302340425531915002e+02
1.366132836747361807e+02 1.280000000000000000e+02 1.302708333333333428e+02 1.356775956284153040e+02
1.281153034300791660e+02 1.274103098927294440e+02 1.345327102803738342e+02 1.332034261241969944e+02
1.285195280716029345e+02 1.281210884353741619e+02 1.346966666666666583e+02 1.498505747126436916e+02
1.464720229555236699e+02 1.561058244462674338e+02 1.359769585253456228e+02 1.539442379182156060e+02
1.294168284789643906e+02 1.282708058124174499e+02 1.281807780320366135e+02 1.366379310344827616e+02
1.356949152542372872e+02 1.372759526938239105e+02 1.396409537166900350e+02 1.370333333333333314e+02
1.154698010301989655e+02 1.160643125834243392e+02 1.155659450861055433e+02 1.215509013785789989e+02
1.268841911764705941e+02 1.279720670391061503e+02 1.303448275862068897e+02 1.264249999999999972e+02
1.283065549531789031e+02 1.271528608027327039e+02 1.310828471411902001e+02 1.319797297297297405e+02
1.288934911242603505e+02 1.363966597077244387e+02 1.292602739726027323e+02 1.374917127071823302e+02
1.333639697950377467e+02 1.345969162995594672e+02 1.376767676767676676e+02 1.433262711864406640e+02
1.282731850608476805e+02 1.281792635658914605e+02 1.256551724137931103e+02 1.225643564356435604e+02
1.282081857536402936e+02 1.288360389610389518e+02 1.280112612612612679e+02 1.276911764705882320e+02
1.392000968992248033e+02 1.350970654627539602e+02 1.411038359788359742e+02 1.742779783393501702e+02
1.368798332069749790e+02 1.320917085427135760e+02 1.376025641025641164e+02 1.488666666666666742e+02
1.275319051959890544e+02 1.292453987730061442e+02 1.325723684210526301e+02 1.269393939393939377e+02
1.304198113207547181e+02 1.382293103448275815e+02 1.352521440823327623e+02 1.354989154013015309e+02
1.279524343257443064e+02 1.250267154105736722e+02 1.287201680672268935e+02 1.114558649289099463e+02
1.343386597938144575e+02 1.370208799403430362e+02 1.277500000000000000e+02 1.225641791044776170e+02
1.225833934071695381e+02 1.212224648229015003e+02 1.207679159479379081e+02 1.228758456028650983e+02
1.287296442687747060e+02 1.365039370078740149e+02 1.386837209302325675e+02 1.308141263940520389e+02
1.275146716348393170e+02 1.611582781456953626e+02 1.510855978260869676e+02 1.596692189892802389e+02
1.345189155107187844e+02 1.373787761425251688e+02 1.359918699186991944e+02 1.320925925925925810e+02
1.177059270516717362e+02 1.274506493506493570e+02 1.255619909502262459e+02 1.161234567901234556e+02
1.178855319148936189e+02 1.182233088834555872e+02 1.193851351351351298e+02 1.242962962962962905e+02
1.276795096322241676e+02 1.276183206106870216e+02 1.277629482071713198e+02 1.341415094339622556e+02
1.282953781512605076e+02 1.294499999999999886e+02 1.276808134394341323e+02 1.521063829787234170e+02
1.305000000000000000e+02 1.306260504201680419e+02 1.314683544303797476e+02 1.312575757575757507e+02
1.299006484310948792e+02 1.322942282825908080e+02 1.346305522208883474e+02 1.333431758530183799e+02
1.284967901234567762e+02 1.320585585585585591e+02 1.336492753623188321e+02 1.294397590361445793e+02
1.290425170068027114e+02 1.269600380589914437e+02 1.299265536723163734e+02 1.321397849462365457e+02
1.314335235973827025e+02 1.268322971465008777e+02 1.372180962343096269e+02 1.392656250000000000e+02
1.257365829640571206e+02 1.236274509803921546e+02 1.287348484848484986e+02 1.257256944444444429e+02
1.261438295023432232e+02 1.272382352941176435e+02 1.281620626151012914e+02 1.271805425631431206e+02
1.267187621642662521e+02 1.268179556292763834e+02 1.274172429691101911e+02 1.283309608540925240e+02
1.265431778929188198e+02 1.277468354430379804e+02 1.412590361445783174e+02 1.464509803921568505e+02
1.226875365141187899e+02 1.241582831838310454e+02 1.205329780146568908e+02 1.201732522796352640e+02
1.360834879406307891e+02 1.267464114832535955e+02 1.324183445190156476e+02 1.401209964412811360e+02
1.266109532673655309e+02 1.264223776223776241e+02 1.282037037037036953e+02 1.263111111111111171e+02
1.336919561243144301e+02 1.326123778501628578e+02 1.325014326647564360e+02 1.268706896551724128e+02
1.619148432879952679e+02 1.313254172015404322e+02 1.249460207612456770e+02 1.278470149253731307e+02
1.286497113434233199e+02 1.308504140786749588e+02 1.320289735099337634e+02 1.291300160513643789e+02
1.361415617128463396e+02 1.379684095860566515e+02 1.321708766716196237e+02 1.330660377358490507e+02
1.280000000000000000e+02 1.280000000000000000e+02 1.280000000000000000e+02 1.280000000000000000e+02
1.282249511145874123e+02 1.266443814701289625e+02 1.288419359664871422e+02 1.278118962075848373e+02
1.269672908863920071e+02 1.268820794590025400e+02 1.250445368171021414e+02 1.260241635687732327e+02
1.343946008041355640e+02 1.351618181818181768e+02 1.352406249999999943e+02 1.318536585365853568e+02
1.230344533029612819e+02 1.274287174246295393e+02 1.286874435411020841e+02 1.227578947368421041e+02
1.227731285188016983e+02 1.244598837209302360e+02 1.211765163297045120e+02 1.267212389380530908e+02
1.326524652338811734e+02 1.599014039051153873e+02 1.296589147286821628e+02 1.285634980988593270e+02
1.237920280186791189e+02 1.252132100396301126e+02 1.245578442437923314e+02 1.240196936542669590e+02
1.311900917431192681e+02 1.281923411662315004e+02 1.354323232323232276e+02 1.369354838709677438e+02
1.388568674698795178e+02 1.373384889946460419e+02 1.316427061310782278e+02 1.377922912205567343e+02
1.277994858611825180e+02 1.277098765432098730e+02 1.276410256410256352e+02 1.271060606060606091e+02
1.270590389686492756e+02 1.318775141242937821e+02 1.315030156815440421e+02 1.289991603694374476e+02
1.296881789137380281e+02 1.289229294478527663e+02 1.268974076116933247e+02 1.329926238145416164e+02
