1.303171456888007924e+02 1.317967289719626081e+02 1.282970521541950006e+02 1.308461538461538396e+02
1.246500226551880388e+02 1.198841519925857284e+02 1.339059691912708558e+02 1.313643678160919421e+02
1.263246363061353605e+02 1.254434638147648258e+02 1.248369487221946201e+02 1.228285373292666804e+02
1.300878494010268014e+02 1.375319148936170279e+02 1.522931034482758719e+02 1.565636363636363626e+02
1.238699439950217851e+02 1.087402031930333806e+02 1.126333333333333400e+02 1.192419354838709609e+02
1.227115446114486730e+02 1.205270448548812681e+02 1.300794797687861148e+02 1.363916913946587499e+02
1.289591725639629942e+02 1.350490081680279957e+02 1.266086956521739069e+02 1.313855421686747036e+02
1.377011122607346181e+02 1.479702333065164908e+02 1.381764705882353041e+02 1.253940886699507331e+02
1.292018691588785089e+02 1.272204545454545439e+02 1.275259740259740227e+02 1.278971962616822395e+02
1.297971014492753739e+02 1.293139087410665127e+02 1.287695707070706987e+02 1.369013452914798279e+02
1.312543640897755495e+02 1.290760978880321943e+02 1.323711755233494500e+02 1.320525210084033745e+02
1.479600415153087738e+02 1.298511966701352662e+02 1.445944584382871483e+02 1.383773584905660243e+02
1.219925584691708025e+02 1.190128913443830641e+02 1.292863157894736901e+02 1.228816568047337228e+02
1.297958311063602252e+02 1.317430007178750770e+02 1.294682981090100213e+02 1.299097222222222285e+02
1.347967359050444998e+02 1.325165354330708567e+02 1.347080291970802932e+02 1.173684210526315752e+02
1.628619047619047535e+02 1.727652844231791676e+02 1.450965909090909065e+02 1.827855946398659910e+02
1.474975561097256787e+02 1.389745268542199597e+02 1.333724286662242946e+02 1.320427960057061227e+02
1.263120476798637668e+02 1.328925090504037883e+02 1.397245409015025075e+02 1.459423347398031012e+02
1.286489311163895479e+02 1.291246133451170977e+02 1.293114119922630607e+02 1.258269230769230802e+02
1.240971428571428561e+02 1.237793814432989734e+02 1.255330073349633295e+02 1.246385964912280713e+02
1.280000000000000000e+02 1.280000000000000000e+02 1.280000000000000000e+02 1.280000000000000000e+02
1.280000000000000000e+02 1.280000000000000000e+02 1.280000000000000000e+02 1.280000000000000000e+02
1.239100844510680588e+02 1.221085209003215368e+02 1.233250883392226172e+02 1.217985347985348028e+02
1.320743473325766217e+02 1.390175794455713287e+02 1.408541826554105967e+02 1.367815126050420247e+02
1.262120383036935749e+02 1.327593032462391136e+02 1.284183884297520706e+02 1.268330683624801338e+02
1.355801509433962337e+02 1.315421675690556924e+02 1.324121925133689786e+02 1.292597676874339925e+02
1.372249552772808556e+02 1.329341449916989575e+02 1.287597955706984578e+02 1.329334763948497766e+02
1.255735641227380057e+02 1.250823436262866153e+02 1.254810765349032806e+02 1.220957155879671774e+02
1.267561196736174054e+02 1.231897633993239936e+02 1.261393341553637555e+02 1.256391875746714391e+02
1.283793478260869563e+02 1.250590551181102370e+02 1.200392156862745168e+02 1.221210526315789480e+02
1.299579502894109737e+02 1.289775999999999954e+02 1.315763888888888857e+02 1.306434108527131741e+02
1.287064228367528926e+02 1.284164352436253580e+02 1.303806861499364800e+02 1.341713709677419217e+02
1.567094184354458264e+02 1.288267190241457172e+02 1.461156156156156101e+02 1.276483909415971425e+02
1.666472070558588712e+02 1.532032520325203393e+02 1.402421052631578959e+02 1.315000000000000000e+02
1.397606126914660933e+02 1.386410054988216700e+02 1.453013182674199584e+02 1.396323353293413163e+02
1.283935169048448870e+02 1.238094618055555571e+02 1.356611216730038052e+02 1.285562500000000057e+02
1.458671611598111895e+02 1.512232142857142776e+02 1.490085470085469979e+02 1.450329218106995768e+02
1.328469055374592926e+02 1.530711111111111222e+02 1.698538283062644894e+02 1.530029498525073848e+02
1.288902783380395363e+02 1.329412393162393187e+02 1.294209085933223946e+02 1.315974486180014082e+02
1.201368025751072963e+02 1.073167630057803450e+02 1.072268041237113465e+02 1.213553191489361751e+02
1.229216683621566659e+02 1.312248677248677211e+02 1.298464566929133923e+02 1.253991228070175481e+02
1.236452836151050718e+02 1.235895598771750201e+02 1.247259169689641283e+02 1.316980392156862649e+02
1.274826642335766422e+02 1.274876140808344189e+02 1.270803443328550912e+02 1.261741935483870947e+02
1.407112379062267564e+02 1.437641434262948223e+02 1.311309417040358767e+02 1.403950870010235406e+02
1.321722666666667010e+02 1.211357234314980786e+02 1.069585987261146443e+02 1.158101265822784853e+02
1.283683196918632632e+02 1.279123711340206171e+02 1.310000000000000000e+02 1.303850931677018536e+02
1.151380323054331853e+02 1.074640998959417288e+02 9.413821138211382333e+01 1.214083333333333314e+02
1.569260808926080983e+02 1.650587326120556497e+02 1.563377308707123916e+02 1.796555555555555657e+02
1.291481986899563594e+02 1.419604305159860758e+02 1.526848203939745190e+02 1.582376237623762449e+02
1.269492373247699675e+02 1.266955266955266950e+02 1.304612546125461279e+02 1.400379008746355680e+02
1.326096622488242929e+02 1.550851749539594948e+02 1.766818830242510785e+02 1.865230046948356915e+02
1.248574532287266123e+02 1.222068365660607157e+02 1.246844556568988907e+02 1.326438706015891000e+02
1.239927805731787345e+02 1.575531095211887589e+02 1.187890766445383264e+02 1.820693699731903621e+02
1.324068996019460371e+02 1.180683051869722533e+02 1.126771012006861099e+02 1.360010251153254615e+02
1.299499079189687052e+02 1.323994743758212849e+02 1.318413793103448199e+02 1.305315315315315274e+02
1.203400100150225285e+02 1.206900584795321691e+02 1.273684210526315752e+02 1.341121495327102764e+02
1.782676246070947457e+02 1.310192219679633752e+02 1.674242424242424363e+02 1.471342281879194616e+02
1.251591981132075517e+02 1.166016096579476908e+02 1.197846481876332660e+02 1.296681922196796393e+02
1.234717607973421991e+02 1.185664302600472837e+02 1.044457516339869301e+02 1.135087719298245617e+02
1.250405405405405475e+02 1.205360824742268022e+02 1.150185873605947933e+02 1.051325301204819311e+02
1.259913344887348359e+02 1.077311827956989276e+02 1.056836581709145406e+02 1.229553571428571388e+02
1.285215629053177793e+02 1.347972027972028002e+02 1.293782234957020023e+02 1.255456711675933263e+02
1.282067325283571222e+02 1.240591805766312632e+02 1.274234234234234293e+02 1.254415584415584419e+02
1.237615416608900603e+02 1.249526075748562306e+02 1.299238249594813510e+02 1.268472222222222285e+02
1.261115702479338836e+02 1.263946091644204870e+02 1.309074177356386031e+02 1.295465587044534459e+02
1.433202641353693707e+02 1.358882709807886613e+02 1.376908396946564892e+02 1.444206008583690846e+02
1.192780722891566256e+02 1.228319327731092443e+02 1.277694805194805241e+02 1.310606060606060623e+02
1.375101089667848271e+02 1.387390358218948734e+02 1.292287059787059889e+02 1.328290115532734319e+02
1.311321171275853885e+02 1.180425324962419324e+02 1.287127457948353424e+02 1.318673573804042007e+02
1.281348246674727989e+02 1.304545454545454675e+02 1.366952264381884845e+02 1.327973568281938412e+02
1.318296103896103943e+02 1.431277777777777658e+02 1.513566433566433602e+02 1.423404255319148888e+02
1.365935334872979183e+02 1.455142857142857054e+02 1.442194244604316680e+02 1.370705882352941103e+02
1.298363450392089931e+02 1.269434499593165242e+02 1.257290456431535262e+02 1.253278427205100911e+02
1.399470304975922943e+02 1.223474842767295598e+02 1.103574468085106446e+02 1.320580357142857224e+02
1.125007481296758129e+02 1.119137590520079044e+02 1.174272517321016096e+02 1.268908145580589206e+02
1.323255555555555532e+02 1.306500711237553389e+02 1.263441176470588232e+02 1.319066666666666663e+02
1.527514792899408178e+02 1.514521379980563722e+02 1.484761092150170612e+02 1.459176470588235190e+02
1.411579439252336385e+02 1.430122399020807791e+02 1.371740370898716037e+02 1.410059055118110223e+02
1.269667565139263274e+02 1.240178926441351877e+02 1.126821192052980081e+02 1.204831460674157313e+02
1.506922997309045797e+02 1.682002082165452066e+02 1.713584938101788282e+02 1.581784287616511335e+02
1.290887159533073998e+02 1.521553833605220234e+02 1.760323943661971953e+02 1.436792828685258883e+02
1.203193655102213881e+02 1.198844585410058841e+02 1.201404399323181025e+02 1.188484375000000028e+02
1.300589923469387656e+02 1.299732142857142776e+02 1.280754716981132049e+02 1.278108108108108070e+02
1.171283462596947658e+02 1.186994727592267083e+02 1.186720930232558118e+02 1.249417177914110368e+02
1.412506356701779850e+02 1.474363177805800831e+02 1.480787878787878924e+02 1.729034482758620754e+02
1.327921495327102832e+02 1.287633361558001752e+02 1.333718622300058598e+02 1.289436619718309771e+02
1.322306348281886983e+02 1.375775424663578121e+02 1.353975667189952787e+02 1.389287576020851418e+02
1.496702777230647996e+02 1.373610421836228284e+02 1.347153846153846075e+02 1.575641025641025692e+02
1.340308446238109070e+02 1.300501233606025266e+02 1.324558525033829426e+02 1.311875644994840115e+02
1.286972789115646378e+02 1.261870907390084255e+02 1.246620825147347773e+02 1.245924006908462900e+02
1.236291643910431475e+02 1.312366771159874475e+02 1.486766034327010004e+02 1.527422680412371108e+02
1.313951296150824817e+02 1.355575868372943376e+02 1.276886792452830122e+02 1.285530451866404746e+02
1.281231964483906722e+02 1.298784773060029352e+02 1.288258706467661625e+02 1.313741258741258662e+02
1.281334800146681232e+02 1.290736196319018347e+02 1.288888888888888857e+02 1.475999999999999943e+02
1.334948492941625204e+02 1.335601194921583215e+02 1.356352530541012129e+02 1.367937062937062933e+02
1.408504098360655803e+02 1.437893992932862091e+02 1.416565557729941247e+02 1.340921757770632325e+02
1.288029624526351995e+02 1.356612612612612736e+02 1.319256198347107443e+02 1.314450549450549488e+02
1.244778963414634205e+02 1.257096474953617786e+02 1.274447900466562942e+02 1.402410071942446166e+02
1.299032776349614267e+02 1.269589041095890423e+02 1.286908127208480437e+02 1.278788732394366150e+02
1.712539835828102355e+02 1.270668341708542783e+02 1.301958925750394940e+02 1.428016949152542452e+02
1.267165491678174334e+02 1.245692580400101264e+02 1.232985464032799143e+02 1.254738863287250439e+02
1.483597560975609895e+02 1.475139838408949799e+02 1.458804071246819376e+02 1.336196319018404779e+02
1.338506320691949441e+02 1.323303504847129091e+02 1.352627249357326491e+02 1.315903723887375065e+02
1.280000000000000000e+02 1.280000000000000000e+02 1.280000000000000000e+02 1.280000000000000000e+02
1.292983367983368055e+02 1.367052785923753788e+02 1.480066815144766110e+02 1.484659090909090935e+02
1.396829079659705997e+02 1.268816631130063968e+02 1.603091482649842305e+02 1.229436619718309913e+02
1.313928609826900242e+02 1.255726588902213052e+02 1.250217870257037873e+02 1.313950344827586321e+02
1.295936768149882994e+02 1.334735701906412544e+02 1.234096244131455364e+02 1.234939219449776004e+02
1.640569105691056961e+02 1.708024691358024825e+02 1.554058577405857875e+02 1.366666666666666572e+02
1.289234157912572130e+02 1.308034462616822395e+02 1.553782051282051384e+02 1.649726027397260282e+02
1.337387061799783226e+02 1.335594322885866347e+02 1.358360302049622419e+02 1.413387978142076520e+02
1.238456409485135623e+02 1.114368514536785995e+02 1.259969207082370986e+02 1.125926507537688508e+02
1.252138104909307401e+02 1.131473214285714306e+02 1.222141388174807162e+02 1.156879834966477603e+02
1.288475520375256451e+02 1.233414432989690681e+02 1.690615942028985614e+02 1.281821428571428498e+02
1.252051393728223019e+02 1.312271252433484676e+02 1.260271460014673579e+02 1.493099099099099192e+02
1.308232830820770403e+02 1.315297619047618980e+02 1.303548387096774093e+02 1.301250000000000000e+02
1.200292022792022806e+02 1.222233542319749233e+02 1.199068384539147729e+02 1.208292682926829258e+02
1.354892661008487380e+02 1.389583333333333428e+02 1.359178690344062090e+02 1.360770288858321635e+02
1.066409588327253744e+02 1.031601717305151880e+02 1.052452488687782761e+02 1.134719251336898367e+02
1.424548208875423256e+02 1.406335160532497923e+02 1.383997734994337350e+02 1.780303797468354503e+02
1.242100532229450067e+02 1.303199162052970337e+02 1.398280777537796951e+02 1.419300411522633851e+02
1.266540659340659403e+02 1.278236734693877565e+02 1.306539379474940290e+02 1.451918604651162923e+02
1.261405172413793139e+02 1.268375366568915013e+02 1.341621621621621614e+02 1.340000000000000000e+02
1.302507252382925742e+02 1.281846049046321525e+02 1.347611111111111200e+02 1.294638297872340331e+02
1.192891050583657631e+02 1.167340608845491090e+02 1.208536067892503496e+02 1.307171314741035815e+02
1.317525971527510649e+02 1.285352676338169147e+02 1.328662889518413692e+02 1.329037500000000023e+02
1.246765269789098909e+02 1.344238575176032100e+02 1.184603889943073938e+02 1.203367805755395636e+02
1.202124096897577630e+02 1.007223814486711859e+02 1.253948275862069011e+02 1.135032188841201730e+02
1.292121036673624417e+02 1.281962876878253326e+02 1.319196711202466474e+02 1.317277561485139188e+02
1.283777625882889026e+02 1.282815979043876951e+02 1.297634529147981937e+02 1.289256198347107443e+02
1.229772727272727337e+02 1.279663402692778504e+02 1.253775700934579476e+02 1.302148541114058276e+02
1.403034188034187935e+02 1.317554417413572310e+02 1.501103965702036476e+02 1.240613496932515289e+02
1.259479501349440937e+02 1.283153459290471687e+02 1.225171957671957728e+02 1.465882352941176521e+02
1.280000000000000000e+02 1.280000000000000000e+02 1.280000000000000000e+02 1.280000000000000000e+02
1.470475959203496927e+02 1.433716442953020191e+02 1.468197226502311139e+02 1.397704545454545553e+02
1.294229607250755407e+02 1.294894894894895003e+02 1.318905109489051029e+02 1.463225806451612812e+02
1.262467415730337024e+02 1.188388625592417043e+02 1.059354838709677438e+02 1.103488372093023315e+02
1.293948947182684321e+02 1.304875098606363508e+02 1.427704225352112815e+02 1.353931428571428626e+02
1.298534482758620641e+02 1.332580645161290249e+02 1.369619450317124745e+02 1.365707547169811278e+02
1.403967619428343312e+02 1.187361596009975102e+02 1.496593473620006023e+02 1.379259828009828084e+02
1.271530034000755620e+02 1.257230403800475074e+02 1.256735135135135124e+02 1.252187500000000000e+02
1.290473429951690889e+02 1.277475822050290191e+02 1.263091603053435108e+02 1.245714285714285694e+02
1.258581242532855384e+02 1.237777777777777715e+02 1.317935656836461078e+02 1.279360269360269342e+02
1.156920447482908685e+02 1.248954514596062495e+02 1.233280542986425274e+02 1.208987854251012095e+02
1.253284789644012989e+02 1.313331280788177367e+02 1.333928299008390468e+02 1.413703703703703809e+02
1.208713278495887238e+02 1.139891560584629957e+02 1.107025072324011603e+02 1.193161764705882320e+02
1.292720930232558203e+02 1.286221538461538501e+02 1.286917164816396166e+02 1.257168674698795172e+02
1.242919794547609627e+02 1.179583999999999975e+02 1.267364864864864842e+02 1.193809523809523796e+02
1.305790645879732779e+02 1.302844344904815159e+02 1.287656903765690402e+02 1.542710280373831893e+02
1.507920277296360609e+02 1.456042677012609090e+02 1.420854616895874187e+02 1.328974630021141650e+02
1.355704106585715465e+02 1.366815698677400803e+02 1.334928782585326417e+02 1.393449323391328392e+02
1.368740259740259830e+02 1.415691056910569046e+02 1.277981651376146743e+02 1.356947791164658668e+02
1.116835506519558692e+02 1.143704600484261533e+02 1.089768339768339729e+02 1.149476439790575881e+02
1.381247996336157655e+02 1.435584343378183121e+02 1.260105800802626845e+02 1.439939962476547919e+02
1.237130286687482226e+02 1.198208023060293073e+02 1.163275047258979242e+02 1.157060085836909877e+02
1.173835537665324864e+02 1.249915110356536445e+02 1.034636363636363683e+02 1.105000000000000000e+02
1.126321525885558543e+02 1.220071315372424721e+02 1.180882352941176521e+02 1.057991266375545791e+02
1.246035653650254602e+02 1.190514541387024678e+02 9.964253393665158853e+01 9.918867924528301216e+01
1.613479060265577232e+02 1.580308880308880362e+02 1.552928660826032399e+02 1.851313672922252067e+02
1.289065600882028662e+02 1.279314530524812596e+02 1.280679536679536739e+02 1.288678678678678580e+02
1.291102362204724443e+02 1.355158227848101262e+02 1.193302325581395280e+02 1.336315789473684106e+02
1.300000000000000000e+02 1.303934087643678197e+02 1.300000000000000000e+02 1.310000000000000000e+02
1.413770445572476149e+02 1.417280118255727928e+02 1.401818181818181870e+02 1.427818181818181813e+02
1.273847953216374265e+02 1.263395904436860064e+02 1.304786324786324769e+02 1.198653846153846132e+02
1.242053892215568851e+02 1.246140845070422500e+02 1.224424083769633569e+02 1.278831168831168839e+02
1.294433962264151035e+02 1.278143459915611828e+02 1.280592823712948416e+02 1.290241935483871032e+02
1.282844512195121922e+02 1.273758542141230095e+02 1.245133819951338268e+02 1.212434988179669091e+02
1.110212305025996500e+02 1.145482388973966295e+02 1.033136427566807356e+02 1.182985074626865725e+02
1.596885139519792460e+02 1.599693806541405650e+02 1.597075630252100780e+02 1.552071428571428555e+02
1.323454258675079132e+02 1.406883012820512704e+02 1.549637742207245026e+02 1.531138461538461399e+02
1.389200593723494421e+02 1.391728045325779135e+02 1.386855468750000000e+02 1.349587912087912116e+02
1.389599491417673107e+02 1.373317346123101572e+02 1.391168091168091223e+02 1.357182203389830590e+02
1.293032171581769489e+02 1.285454545454545325e+02 1.296424189307624886e+02 1.263309523809523824e+02
1.269735305566368169e+02 1.273318840579710098e+02 1.310833333333333428e+02 1.306391752577319494e+02
1.416498951781970561e+02 1.361587057010785884e+02 1.305953865336658453e+02 1.372627511591962843e+02
1.281081950558753704e+02 1.353701657458563545e+02 1.320924855491329595e+02 1.379137931034482847e+02
1.279589291146942571e+02 1.230415966386554629e+02 1.110442666666666724e+02 1.207848729076255410e+02
1.229283536585365795e+02 1.117678018575851411e+02 1.489223300970873822e+02 9.463157894736842479e+01
1.262060260586319203e+02 1.152896969696969762e+02 1.318474226804123646e+02 1.402909090909090821e+02
1.282242833052276580e+02 1.257144120247568537e+02 1.203296903460837939e+02 1.265820895522388128e+02
1.278205882352941245e+02 1.283617181612660261e+02 1.279971014492753625e+02 1.282068965517241281e+02
1.290738589211618148e+02 1.261145584725536963e+02 1.287997032640949442e+02 1.301719999999999970e+02
1.346691673710904524e+02 1.349533685348940821e+02 1.395912506709608181e+02 1.439541778975741124e+02
1.349169496880183203e+02 1.461217345872518365e+02 1.541669741697417066e+02 1.782758077226162357e+02
1.453554913294797757e+02 1.421738840772817980e+02 1.450386473429951764e+02 1.306322869955156989e+02
1.209024590163934363e+02 1.281784702549575172e+02 1.259184290030211457e+02 1.314602851323828929e+02
1.389802469135802596e+02 1.420587248322147786e+02 1.407701492537313470e+02 1.356888888888888971e+02
1.317799043062200894e+02 1.303381410256410220e+02 1.324402654867256501e+02 1.271604938271604937e+02
1.228731034482758560e+02 1.241763869132290239e+02 1.220514138817480756e+02 1.260000000000000000e+02
1.375737840065952184e+02 1.394579533941236207e+02 1.338622754491017872e+02 1.295573770491803316e+02
1.402139819245082322e+02 1.380718632280498355e+02 1.388899277518061979e+02 1.780827374872318671e+02
1.377888127853881315e+02 1.469600550964187278e+02 1.476808943089430954e+02 1.431155378486055838e+02
1.261947069943289250e+02 1.185719844357976598e+02 1.097213483146067432e+02 1.097657657657657637e+02
1.291345053147996680e+02 1.323416666666666686e+02 1.388000000000000114e+02 1.284285714285714164e+02
1.280000000000000000e+02 1.280000000000000000e+02 1.280000000000000000e+02 1.280000000000000000e+02
1.311247563352826546e+02 1.318292230177671627e+02 1.345510406342913825e+02 1.349614604462474574e+02
7.294973821989529483e+01 9.692085561497326296e+01 1.339166666666666572e+02 1.236208530805687218e+02
1.331222444889779695e+02 1.394106910039113529e+02 1.467486338797814085e+02 1.499629629629629619e+02
1.273731225296442631e+02 1.231174311926605469e+02 1.250820895522388128e+02 1.276959619952494052e+02
1.227345924453280333e+02 1.237351421188630525e+02 1.278726483357452963e+02 1.318138297872340559e+02
1.200183946488294282e+02 1.148566610455311974e+02 1.164922027290448341e+02 1.276700336700336749e+02
1.301520342612419654e+02 1.344665391969407153e+02 1.475452322738386215e+02 1.648409090909090935e+02
1.331717171717171766e+02 1.315551366635249906e+02 1.301138211382113923e+02 1.184563953488372050e+02
1.383709285367039286e+02 1.349768099547511326e+02 1.319699599465954520e+02 1.310262430939226590e+02
1.265750831414684114e+02 1.202434119278779434e+02 7.391679049034175364e+01 1.287398373983739930e+02
1.221755424063116351e+02 1.281467157765500247e+02 1.262616822429906591e+02 1.230000000000000000e+02
1.280000000000000000e+02 1.280000000000000000e+02 1.280000000000000000e+02 1.280000000000000000e+02
1.272326428408832300e+02 1.322080452545568789e+02 1.359692780337941542e+02 1.349774535809018516e+02
1.356672068526449948e+02 1.292523131149948483e+02 1.353346656976744100e+02 1.375013513513513601e+02
1.565930470347648225e+02 1.055580736543909381e+02 1.363915022761760270e+02 1.018571428571428612e+02
1.280751329787234170e+02 1.270916463909164662e+02 1.147770270270270316e+02 1.234624000000000024e+02
1.177946144430844555e+02 1.264638053628030434e+02 1.200746314496314540e+02 1.292175360710321854e+02
1.310228148148148080e+02 1.344275751072961498e+02 1.261473272490221689e+02 1.232048997772828471e+02
1.411511666118961443e+02 1.310096921322690946e+02 1.392852311161217642e+02 1.418338509316770057e+02
1.344732106339468203e+02 1.330166498486377407e+02 1.451158940397351103e+02 1.299655172413793025e+02
1.255901169203617940e+02 1.188517618469015815e+02 1.229030612244897895e+02 1.170669456066945600e+02
1.317011984021305011e+02 1.403194544149318119e+02 1.523371824480369412e+02 1.609560810810810949e+02
1.367607440667094352e+02 1.357211221122112192e+02 1.371831501831501896e+02 1.329516908212560509e+02
1.158468146027201158e+02 1.238334716459197722e+02 1.178386787936811828e+02 1.247184466019417499e+02
1.332507836990595536e+02 1.398887492143306019e+02 1.513448500651890356e+02 1.593207547169811278e+02
1.237834729751930354e+02 1.232813765182186216e+02 1.248797507788162022e+02 1.245520762423417267e+02
1.289868173828716920e+02 1.860112270425285317e+02 1.664904414916416613e+02 1.181323145732389150e+02
1.348416496945010294e+02 1.315099818511796741e+02 1.412560483870967687e+02 1.352259740259740397e+02
1.286977466464018960e+02 1.274033165982047819e+02 1.276731707317073159e+02 1.294908256880733859e+02
1.361320066838827358e+02 1.363601930932046002e+02 1.335678496868476088e+02 1.301052631578947398e+02
1.291760314341846652e+02 1.289472972972972968e+02 1.254411969380654170e+02 1.194029850746268693e+02
1.321454423592493299e+02 1.313974358974358836e+02 1.292919075144508554e+02 1.281271186440677923e+02
1.381879251700680413e+02 1.495550458715596278e+02 1.626627218934911241e+02 1.839058823529411768e+02
1.241228625712476230e+02 1.258431372549019613e+02 1.339115226337448519e+02 1.459000000000000057e+02
1.454743908503232319e+02 1.511110701107011209e+02 1.411258470474346609e+02 1.513213909378293067e+02
1.207750598699965821e+02 1.297055721567938065e+02 1.207882310207046856e+02 1.150790172642762315e+02
1.338137347130762009e+02 1.315115431348724258e+02 1.386067226890756388e+02 1.346093750000000000e+02
1.287608066637439777e+02 1.335152370203160217e+02 1.331985353946297721e+02 1.354499999999999886e+02
1.214263927793339519e+02 1.195999999999999943e+02 7.150438596491227372e+01 1.093066465256797528e+02
1.290055658627087212e+02 1.268732876712328732e+02 1.235842026825633440e+02 1.211640625000000000e+02
1.452459818308875015e+02 1.412486388384755003e+02 1.314473007712082335e+02 1.541999999999999886e+02
1.225159404302261379e+02 1.148347781744008103e+02 9.535077519379845512e+01 1.150233076611268785e+02
1.289714675457542228e+02 1.312700331910858154e+02 1.229262132717068283e+02 1.346589383770591724e+02
1.283989830508474483e+02 1.252847838957963233e+02 1.292117903930131035e+02 1.340901060070671349e+02
1.267892016082711137e+02 1.384279778393351705e+02 1.312867332382311076e+02 1.493333333333333428e+02
1.191621019683380496e+02 1.217616541353383468e+02 1.571445312500000000e+02 1.834424778761061816e+02
1.285767634854771870e+02 1.341014492753623131e+02 1.351562500000000000e+02 1.253555555555555543e+02
1.275768491834774210e+02 1.274574307304785918e+02 1.264158878504672856e+02 1.246022727272727337e+02
1.601195938322677819e+02 1.302065462753950271e+02 1.715740072202166004e+02 1.435203438395415390e+02
1.269842747775708602e+02 1.204081705150976944e+02 1.276401515151515156e+02 1.295770609318996378e+02
1.313327659574468100e+02 1.368791208791208760e+02 1.405416666666666572e+02 1.435909090909090935e+02
1.275303314571607274e+02 1.230805825242718470e+02 1.149540983606557347e+02 1.194369747899159648e+02
1.358499486125385545e+02 1.294777618364418856e+02 1.307080610021786526e+02 1.292083333333333428e+02
1.506398824105830556e+02 1.414790385690329799e+02 1.365543672014260324e+02 1.392030905077262730e+02
1.234032869785082198e+02 1.174251883745963454e+02 1.164301075268817272e+02 1.259624060150376010e+02
1.042517214996174459e+02 1.247003129890453863e+02 1.199713958810068704e+02 9.366113744075829572e+01
1.273758361204013312e+02 1.275678763440860166e+02 1.229178082191780845e+02 1.198994708994708986e+02
1.280000000000000000e+02 1.280000000000000000e+02 1.280000000000000000e+02 1.280000000000000000e+02
1.304563318204475593e+02 1.306983589476426175e+02 1.377642276422764098e+02 1.406949239886627083e+02
1.288265002970885291e+02 1.310476683937823736e+02 1.509328859060402692e+02 1.469629629629629619e+02
1.318533185294843406e+02 1.337326869806094294e+02 1.637227036395147195e+02 1.400163934426229559e+02
1.251606249999999960e+02 1.281053159478435362e+02 1.320395939086294277e+02 1.329828393135725548e+02
1.235974616107803143e+02 1.213790523690773000e+02 9.256832298136646386e+01 9.329032258064516725e+01
1.296383405821345036e+02 1.334918582375478877e+02 1.378780193236715093e+02 1.335609756097560989e+02
1.257831272084805647e+02 1.314817383263985278e+02 1.361178885630498598e+02 1.325139275766016738e+02
1.215176575771122032e+02 1.206321243523316014e+02 1.483283898305084847e+02 1.446023166023165913e+02
1.444211597151576711e+02 1.445871934604904538e+02 1.356730486008836465e+02 1.344039900249376558e+02
1.283422847399829436e+02 1.287642011834319646e+02 1.294312853678253816e+02 1.268916211293260403e+02
1.142367816091954040e+02 1.198925081433224733e+02 1.102777777777777715e+02 1.177017543859649180e+02
1.209785397138628582e+02 1.280661016949152611e+02 1.289562201993931581e+02 1.195554916618746404e+02
1.252844112769485889e+02 1.264130468995908103e+02 1.287337073802330565e+02 1.299678917609046778e+02
1.274507927829414911e+02 1.335164003364171492e+02 1.266161806208842933e+02 1.325928338762215049e+02
1.224777500889996418e+02 1.221218390804597647e+02 1.202298850574712645e+02 1.304347826086956559e+02
1.276382089552238739e+02 1.263758809710258362e+02 1.203610341643582586e+02 1.164182509505703393e+02
1.259129593810444874e+02 1.259217577706323681e+02 1.234206349206349245e+02 1.232477064220183536e+02
1.280000000000000000e+02 1.280000000000000000e+02 1.280000000000000000e+02 1.280000000000000000e+02
1.282916295636687494e+02 1.285557865557865682e+02 1.291299435028248581e+02 1.287258064516128968e+02
1.676780128794848110e+02 1.838387096774193594e+02 1.484228504122497156e+02 1.993251121076233119e+02
1.290823809523809587e+02 1.273825757575757507e+02 1.256023391812865526e+02 1.247585301837270322e+02
1.283517903285345199e+02 1.261523283346487716e+02 1.243364398881640227e+02 1.270843881856540065e+02
1.280000000000000000e+02 1.280000000000000000e+02 1.280000000000000000e+02 1.280000000000000000e+02
1.369779541949854433e+02 1.451249487434830883e+02 1.456972856923784718e+02 1.189663157894736827e+02
1.263905027932960934e+02 1.246607495069033575e+02 1.240557768924302735e+02 1.246896551724137936e+02
1.593069269039418430e+02 1.559946666666666601e+02 1.086376146788990837e+02 1.244840989399293250e+02
1.346197960917587011e+02 1.294172932330827166e+02 1.399012345679012412e+02 1.386890547263681697e+02
1.396953597848016102e+02 1.385088607594936718e+02 1.557500000000000000e+02 1.563333333333333428e+02
1.186183206106870216e+02 1.264337797619047592e+02 1.170243478260869523e+02 1.206073211314475913e+02
1.128594677809544748e+02 1.260779428571428582e+02 1.116134294385432497e+02 1.135079207920792044e+02
1.283615339578454382e+02 1.391122625215889457e+02 1.314561403508772059e+02 1.253411764705882376e+02
1.735117370892018869e+02 1.489408369408369310e+02 1.359421487603305820e+02 1.278111888111888135e+02
1.280000000000000000e+02 1.280000000000000000e+02 1.280000000000000000e+02 1.280000000000000000e+02
1.216694386694386765e+02 1.262103250478011489e+02 1.155728155339805880e+02 1.139045226130653248e+02
1.135282069085228329e+02 1.335620647275706574e+02 4.696158940397351245e+01 1.133185595567867097e+02
1.242736694677871157e+02 1.338585485854858632e+02 1.384391304347826122e+02 1.408515151515151445e+02
1.225890410958904084e+02 1.294021660649819410e+02 1.305257548845470694e+02 1.345699481865285065e+02
1.389470009077578254e+02 1.453573650895826574e+02 1.261244755244755282e+02 1.429035087719298360e+02
1.280056906363166149e+02 1.282749399038461604e+02 1.317147540983606575e+02 1.350612745098039227e+02
1.256245505906522908e+02 1.245626168224299022e+02 1.207676348547717851e+02 1.238673469387755119e+02
1.267553908355795187e+02 1.333654237288135675e+02 1.309888178913737988e+02 1.174198113207547181e+02
1.388545489665829678e+02 1.345533724340176036e+02 1.379894477317554333e+02 1.353048648648648680e+02
1.261428571428571388e+02 1.304910873440285286e+02 1.347277904328018110e+02 1.237115384615384670e+02
1.296432068543451521e+02 1.344556830031282573e+02 1.379611901681759321e+02 1.221103633916554543e+02
1.363502236618849395e+02 1.359640302684772450e+02 1.359379557022974154e+02 1.317838581473555450e+02
1.284674859190988343e+02 1.297228915662650479e+02 1.627762557077625445e+02 1.273214117647058856e+02
1.303454867954276608e+02 1.318352975839717089e+02 1.355363703159441684e+02 1.284850917431192556e+02
1.257722461779694214e+02 1.214139534883720870e+02 1.239768786127167601e+02 1.148844221105527623e+02
1.327981418918919019e+02 1.367020810514786433e+02 1.177798165137614745e+02 1.192205882352941160e+02
1.224983647798742084e+02 1.229063915450427800e+02 1.230553914327917227e+02 1.305323529411764696e+02
1.288864628820960831e+02 1.284138486312399436e+02 1.308640000000000043e+02 1.328289473684210407e+02
1.286739774748073444e+02 1.358235294117646959e+02 1.422571428571428669e+02 1.344074074074074190e+02
1.327462176671546956e+02 1.303568389057750778e+02 1.368320312500000000e+02 1.442839506172839492e+02
1.305036769449103247e+02 1.390752380952380918e+02 1.343453190800129562e+02 1.354456066945606665e+02
1.285479714912280826e+02 1.287106124357176213e+02 1.336302521008403232e+02 1.322142857142857224e+02
1.232958089668615997e+02 1.245565610859728451e+02 1.267876823338735761e+02 1.303462469733656235e+02
1.154608838869064016e+02 1.124068304373876543e+02 1.286900726392251784e+02 1.121570247933884303e+02
1.282674675165481801e+02 1.294000000000000057e+02 1.302683982683982720e+02 1.274772727272727337e+02
1.317040205303678420e+02 1.297005780346820814e+02 1.325293132328308161e+02 1.325074183976261111e+02
1.509545211342964137e+02 1.510162283156127501e+02 1.396598360655737565e+02 1.287862595419847196e+02
1.346545983513819351e+02 1.348502538071066112e+02 1.289113215669393071e+02 1.319918699186991944e+02
1.309974210186976222e+02 1.263468328141225356e+02 1.319814814814814952e+02 1.399504132231404867e+02
1.286341234766305206e+02 1.287893945899527637e+02 1.228334174659263027e+02 7.709785202863962184e+01
1.469284712482468365e+02 1.558570175438596550e+02 1.478877887788778764e+02 1.403829787234042499e+02
1.280521367521367608e+02 1.274285714285714306e+02 1.263478260869565162e+02 1.255389221556886241e+02
1.322149549658465730e+02 1.231515668631709559e+02 7.863766478342749622e+01 1.115010175010175004e+02
1.290322505800463944e+02 1.301581462016244757e+02 1.291194892064457349e+02 1.289424157303370748e+02
1.628211068211068095e+02 1.635202180826896949e+02 1.670753086419753117e+02 1.533548387096774093e+02
1.284927113702623842e+02 1.270617647058823536e+02 1.257201492537313499e+02 1.290270270270270316e+02
9.436096446300527418e+01 9.260092951200620348e+01 1.190003212335367806e+02 1.345110220440881790e+02
1.338878525040317413e+02 1.262744787542887366e+02 1.229852892009361369e+02 1.412404181184668914e+02
1.298624641833810927e+02 1.297443458345261718e+02 1.303513119533527629e+02 1.405333333333333314e+02
1.287643726989521440e+02 1.461611687087653024e+02 1.389123563218390700e+02 1.476756756756756772e+02
1.208131634819532962e+02 1.085235099337748323e+02 1.059510460251046027e+02 1.196755196304849846e+02
1.161102756892230587e+02 1.177410832232496745e+02 1.170888888888888886e+02 1.229549180327868783e+02
1.551257712387280492e+02 1.503834394904458520e+02 1.381560402684563655e+02 1.764382022471910147e+02
1.392891041162227737e+02 1.435352609308885690e+02 1.465414012738853557e+02 1.366666666666666572e+02
1.395086571233810560e+02 1.303341365461847374e+02 1.494920212765957501e+02 1.403905325443786865e+02
1.263677497722441530e+02 1.267388939256572939e+02 1.248081534772182266e+02 9.371823204419889919e+01
1.165069139005790646e+02 1.200571970723773347e+02 1.463035336756267100e+02 1.334067340067340126e+02
1.286750436300174556e+02 1.290876656472986497e+02 1.336147959183673493e+02 1.352142857142857224e+02
1.257934309457855164e+02 1.267289719626168250e+02 1.282559456398641089e+02 1.263502673796791385e+02
1.287774227902023370e+02 1.294265279583875099e+02 1.253893303064699154e+02 1.297787810383747171e+02
1.226273203236553968e+02 1.262679929783499091e+02 1.270205850487540573e+02 1.203492907801418426e+02
1.267871520342612399e+02 1.332588235294117567e+02 1.342140762463343151e+02 1.319722222222222285e+02
1.210985342019543936e+02 1.207213975380159354e+02 1.218402725208175639e+02 1.261421673819742466e+02
1.236060733867566483e+02 1.214214601769911468e+02 1.280672451193058521e+02 1.297971014492753739e+02
1.280000000000000000e+02 1.280000000000000000e+02 1.280000000000000000e+02 1.280000000000000000e+02
1.280000000000000000e+02 1.280000000000000000e+02 1.280000000000000000e+02 1.280000000000000000e+02
1.280000000000000000e+02 1.280000000000000000e+02 1.280000000000000000e+02 1.280000000000000000e+02
1.280000000000000000e+02 1.280000000000000000e+02 1.280000000000000000e+02 1.280000000000000000e+02
1.280000000000000000e+02 1.280000000000000000e+02 1.280000000000000000e+02 1.280000000000000000e+02
1.280000000000000000e+02 1.280000000000000000e+02 1.280000000000000000e+02 1.280000000000000000e+02
1.267846657159634276e+02 1.243611486486486513e+02 1.244481012658227854e+02 1.223809523809523796e+02
1.295201259275916073e+02 1.350360487718678257e+02 1.423898449118334497e+02 1.403832621261623501e+02
1.280000000000000000e+02 1.280000000000000000e+02 1.280000000000000000e+02 1.280000000000000000e+02
1.318802058961160526e+02 1.733148148148148096e+02 1.490128139415684245e+02 1.362913165266106432e+02
1.280000000000000000e+02 1.280000000000000000e+02 1.280000000000000000e+02 1.280000000000000000e+02
1.199659781287970901e+02 1.171946013810420624e+02 1.214218009478672968e+02 1.381311475409836191e+02
1.248726937269372712e+02 1.159811320754716917e+02 1.135333333333333314e+02 1.273260869565217348e+02
1.284937238493723726e+02 1.304485530546623693e+02 1.296294416243654837e+02 1.284705882352941160e+02
1.252438642297650091e+02 1.250134680134680139e+02 1.261468926553672247e+02 1.248097826086956559e+02
1.331615425390935457e+02 1.320929621848739544e+02 1.314770813844714610e+02 1.304808080808080888e+02
1.269585111427216759e+02 1.204709124311083883e+02 1.186661184210526301e+02 1.217548500881834173e+02
1.204636728326275943e+02 8.437598978288633589e+01 1.246917647058823491e+02 1.285587102983638204e+02
1.317871636952998244e+02 1.312132117722328815e+02 1.307945248584015019e+02 1.242587253414263984e+02
1.372690858339148576e+02 1.511828929068150273e+02 1.436324642556770357e+02 1.527798277982779780e+02
1.276855468750000000e+02 1.253149528067560823e+02 1.208400473933649266e+02 1.181639344262295026e+02
1.300510897254457916e+02 1.296256855575868485e+02 1.306464811783960727e+02 1.317528089887640590e+02
1.167171750663130041e+02 1.241051440639613759e+02 1.192935400516795852e+02 1.206090438059350021e+02
1.297894428152492594e+02 1.354480431848852788e+02 1.414347826086956559e+02 1.399166666666666572e+02
1.272763664357197797e+02 1.210364238410596016e+02 1.187507788161993716e+02 1.189946091644204813e+02
1.245494229804315154e+02 1.250634592680047206e+02 1.305806274078150864e+02 1.361372997711670507e+02
1.339807692307692264e+02 1.284239569313593563e+02 1.285479204339963815e+02 1.280519999999999925e+02
1.276488417939871880e+02 1.278395860284605448e+02 1.278036490008688162e+02 1.282152619589977292e+02
1.269134052565132578e+02 1.261642354779890667e+02 1.208098290598290561e+02 1.218510489510489521e+02
1.575428617466967580e+02 1.567649361702127635e+02 1.253856209150326748e+02 1.443560606060605949e+02
1.313524064171122916e+02 1.289491371480472424e+02 1.272961931290622033e+02 1.741260504201680703e+02
1.268849557522123916e+02 1.258813993174061494e+02 1.223085106382978751e+02 1.251923076923076934e+02
1.241876907426246248e+02 1.255773643410852713e+02 1.221466314398943211e+02 1.269430199430199480e+02
1.536838517256071555e+02 1.510876010781671255e+02 1.259129511677282380e+02 1.383175965665236049e+02
1.311261384335155071e+02 1.357509578544061242e+02 1.382638680659670172e+02 1.356220657276995212e+02
1.395448680351906035e+02 1.400664652567975850e+02 1.375506607929515326e+02 1.343492063492063551e+02
1.280000000000000000e+02 1.280000000000000000e+02 1.280000000000000000e+02 1.280000000000000000e+02
1.222388059701492580e+02 1.200947580645161281e+02 1.270000000000000000e+02 1.296993865030674726e+02
1.280000000000000000e+02 1.280000000000000000e+02 1.280000000000000000e+02 1.280000000000000000e+02
1.804210970464135073e+02 1.805993377483443680e+02 1.430237288135593303e+02 1.623620689655172384e+02
1.214072494669509581e+02 1.240610932475884312e+02 1.203021582733812949e+02 1.295746268656716325e+02
1.307327376116978144e+02 1.316811594202898448e+02 1.303023504273504329e+02 1.295000000000000000e+02
1.344944495837187901e+02 1.343749290981281774e+02 1.325399002493765579e+02 1.342342342342342363e+02
1.281854356561795498e+02 1.201170886075949369e+02 1.186531664212076578e+02 1.210234741784037595e+02
1.744309498604561668e+02 1.092078900709219909e+02 1.507018709327548720e+02 1.328659217877095102e+02
1.296552369077306821e+02 1.319220907297830365e+02 1.360233837689133338e+02 1.297833089311859567e+02
1.203461956521739182e+02 1.247005896226415160e+02 1.175124440019910423e+02 1.337825443786982191e+02
1.275527440588134738e+02 1.476060448150078059e+02 1.135591229444009400e+02 1.035488958990536332e+02
1.138027027027027032e+02 1.116933895921237649e+02 1.308963815789473699e+02 2.066901408450704309e+02
1.337419697371913969e+02 1.324970414201183360e+02 1.284484594903005075e+02 1.285467156262749882e+02
1.280856643356643474e+02 1.293600852272727195e+02 1.292975047984645016e+02 1.254044943820224773e+02
1.270466847090663123e+02 1.264077669902912646e+02 1.329196261682243119e+02 1.913870967741935374e+02
1.212706164931945523e+02 1.297682826622842924e+02 1.298683886838868489e+02 1.445000000000000000e+02
1.275076142131979680e+02 1.281872611464968088e+02 1.278174807197943466e+02 1.279032258064516157e+02
1.270135675045779919e+02 1.267485663310819461e+02 1.272607510599636527e+02 1.177837338262476834e+02
1.307172251616696030e+02 1.318729433272394829e+02 1.257413479052823249e+02 1.264861538461538402e+02
1.451169861202908180e+02 1.386009389671361589e+02 1.328364116094986684e+02 1.514528846153846189e+02
1.292295023272467063e+02 1.443197969543147110e+02 1.545616438356164508e+02 1.469499999999999886e+02
1.216292134831460743e+02 1.237715654952076676e+02 7.131460674157303004e+01 1.330152671755725180e+02
1.339102443609022544e+02 1.332624999999999886e+02 1.290769230769230660e+02 1.267500000000000000e+02
1.586870554765291672e+02 1.312346041055718615e+02 1.649363173216885059e+02 1.606182917611488961e+02
1.346756756756756772e+02 1.291860465116278931e+02 1.343587223587223605e+02 1.356068965517241338e+02
1.333860601614086647e+02 1.367450980392156907e+02 1.410399408284023650e+02 1.406474820143884870e+02
1.035246412975670580e+02 1.048636026686434377e+02 1.163915171288743835e+02 1.226663619744058451e+02
1.284402282453637554e+02 1.289702139965297931e+02 1.316947935368042977e+02 1.393609550561797619e+02
1.641628605769230660e+02 1.621382049245432881e+02 1.539661016949152668e+02 1.411455696202531556e+02
1.189912704309063827e+02 1.170308724832214722e+02 7.923049645390071305e+01 1.101463414634146289e+02
1.391809651474530938e+02 1.374855039116428941e+02 1.585667276051188423e+02 1.495286935286935375e+02
1.284698630136986424e+02 1.278358208955223887e+02 1.275253906250000000e+02 1.282067307692307736e+02
1.254784580498866262e+02 1.196580459770114970e+02 1.138017241379310320e+02 1.170877192982456165e+02
1.280262850467289582e+02 1.299049707602339083e+02 1.283598130841121474e+02 1.756521739130434696e+02
1.070644244433917578e+02 1.153125960061443891e+02 1.250375939849623990e+02 1.456279069767441854e+02
1.303427049422906236e+02 1.479520202020202078e+02 1.736587837837837753e+02 1.755402298850574709e+02
1.287030889810972667e+02 1.375615275813295568e+02 1.403485714285714323e+02 1.384262948207171178e+02
1.351182856337233886e+02 1.371719415702982303e+02 1.276786046511627859e+02 1.393470411233701043e+02
1.320807926829268411e+02 1.333035019455252836e+02 1.319495192307692264e+02 1.277142857142857082e+02
1.322642907551164342e+02 1.425062761506276274e+02 1.489406345957011126e+02 1.486370262390670689e+02
1.207711111111111109e+02 1.076899224806201545e+02 7.541106719367589051e+01 1.217236842105263150e+02
1.334716642168871488e+02 1.346447453255964035e+02 1.364101941747572937e+02 1.368171641791044806e+02
1.347771898883009953e+02 1.382085828343313381e+02 1.527022058823529278e+02 1.514522058823529278e+02
1.559476775226908671e+02 1.542751396648044988e+02 1.462919847328244316e+02 1.337538461538461547e+02
1.291666666666666572e+02 1.271760916249105264e+02 1.323408476104598606e+02 1.322734693877551138e+02
1.206538351867693137e+02 1.234723282442748058e+02 1.249213333333333367e+02 1.255975609756097526e+02
1.280000000000000000e+02 1.280000000000000000e+02 1.280000000000000000e+02 1.280000000000000000e+02
1.254056422897836143e+02 1.239879310344827559e+02 1.235707317073170799e+02 1.238171428571428550e+02
9.670674911195895618e+01 9.831773336706298494e+01 1.132791023842917184e+02 1.286902702702702754e+02
1.318314477026090970e+02 1.303138101109741172e+02 1.306468513853904199e+02 1.755065789473684106e+02
1.343481093200824148e+02 1.381081431276786589e+02 1.440418230563002737e+02 1.394527687296416900e+02
1.262220846744243659e+02 1.272149805447470783e+02 1.257316414686825112e+02 1.286389413988657964e+02
1.381748633879781494e+02 1.381456692913385780e+02 1.396352941176470495e+02 1.340366847826086882e+02
1.254857243154692270e+02 1.321263962375073504e+02 1.299235618597320752e+02 1.306500000000000057e+02
1.214373368146214034e+02 1.306021251475796987e+02 1.624483775811209512e+02 1.819034482758620754e+02
1.309015802242475957e+02 1.321752008032128458e+02 1.343267716535433181e+02 1.285648148148148096e+02
1.425244761071532764e+02 1.455106139570357300e+02 1.442147538876751014e+02 1.319542600896861018e+02
1.207385057471264389e+02 1.171844215349370018e+02 1.196512968299711872e+02 1.228046511627906909e+02
1.324094528906815640e+02 1.315649522799575948e+02 1.331586867305061617e+02 1.328232593726090158e+02
1.263729300066239745e+02 1.275352258064516064e+02 1.303329081632653015e+02 1.303475609756097526e+02
1.272938053097345090e+02 1.243174807197943466e+02 1.262908011869436251e+02 1.298638743455497320e+02
1.321583220568335548e+02 1.313138424821002275e+02 1.269259259259259238e+02 1.226144578313252964e+02
1.339083296606434601e+02 1.331348140495867653e+02 1.330821917808219155e+02 1.293655913978494709e+02
1.215172413793103487e+02 1.269289215686274446e+02 1.223409742120343822e+02 1.229539748953974936e+02
1.283653751839136703e+02 1.275610753945061333e+02 1.309037921348314626e+02 1.263477321814254850e+02
1.238941332890144622e+02 1.177237834132967720e+02 1.005952380952381020e+02 9.750847457627118331e+01
1.224665293511843487e+02 1.295875933371625592e+02 1.284146341463414558e+02 1.200748987854251055e+02
1.272412117747928022e+02 1.167899082568807358e+02 1.222464285714285666e+02 1.235349794238683074e+02
1.232226644075810640e+02 1.159838735177865630e+02 1.103742114559676963e+02 1.111216429699842081e+02
1.306273821464393166e+02 1.412642180094786681e+02 1.319623430962343207e+02 1.236593406593406570e+02
1.309438480594550072e+02 1.237104072398190056e+02 1.430966386554621863e+02 1.659701492537313356e+02
1.279531889994148628e+02 1.283153564899451453e+02 1.305224913494809584e+02 1.292868852459016296e+02
1.003178844056706680e+02 1.043980699638118210e+02 1.072007299270073020e+02 1.233438320209973824e+02
1.249054576708207946e+02 1.249338792221085015e+02 1.257359771346909554e+02 1.245729468599033822e+02
1.282842819227366533e+02 1.287384615384615358e+02 1.358888888888888857e+02 1.353829787234042499e+02
1.394314090626939731e+02 1.271522633744855995e+02 1.311477272727272805e+02 1.365901639344262435e+02
1.293087071240105672e+02 1.277470202622169211e+02 1.273457943925233593e+02 1.281627408993576012e+02
1.304882017900732194e+02 1.294938775510204039e+02 1.464466666666666583e+02 1.577011494252873547e+02
1.389598278335724615e+02 1.437981952420016398e+02 1.387757296466973855e+02 1.425371747211895865e+02
1.315249190938511390e+02 1.298097754293262938e+02 1.289096109839817075e+02 1.433103448275862206e+02
1.501909604519773893e+02 1.391800262812089386e+02 1.580112201963534346e+02 1.589555555555555486e+02
1.194963640036360033e+02 1.202534279820410177e+02 1.225180856214122684e+02 1.242318840579710155e+02
1.276323529411764639e+02 1.294385474860335137e+02 1.365402298850574709e+02 1.373750000000000000e+02
1.313952686052242598e+02 1.190649017933390326e+02 1.418588098016336119e+02 1.417905405405405475e+02
1.269960552268244527e+02 1.347515657620041623e+02 1.249760273972602675e+02 1.325082872928176698e+02
1.442161812297734684e+02 1.449642070484581495e+02 1.430323232323232219e+02 1.424576271186440692e+02
1.205858161980696650e+02 1.156656976744186096e+02 1.131959247648902789e+02 1.141435643564356468e+02
1.256349862258953181e+02 1.241087662337662323e+02 1.278821321321321278e+02 1.291764705882353041e+02
1.280285852713178372e+02 1.309097065462754017e+02 1.338637566137566068e+02 1.594837545126353859e+02
1.080951478392721725e+02 1.197407872696817464e+02 1.229700854700854649e+02 1.794000000000000057e+02
1.102985414767547923e+02 1.165214723926380316e+02 1.256315789473684248e+02 1.159393939393939377e+02
1.323382749326145529e+02 1.369681034482758548e+02 1.284236706689536902e+02 1.327418655097613964e+02
1.144264798598949255e+02 9.712232845894263278e+01 1.249134453781512661e+02 1.122716232227488149e+02
1.320460051546391753e+02 1.348736017897091699e+02 1.430566801619433193e+02 1.455044776119403025e+02
1.303512025689756797e+02 1.307618469998382693e+02 1.350461031833150400e+02 1.306792678074015157e+02
1.404956521739130437e+02 1.475331833520809823e+02 1.445906976744186068e+02 1.471276332094176098e+02
1.760088495575221259e+02 1.785172185430463685e+02 1.474103260869565304e+02 1.663491577335375098e+02
1.333089533417402208e+02 1.390596436870642947e+02 1.567560975609756042e+02 1.549814814814814952e+02
1.840003799392097221e+02 1.313448051948051898e+02 1.691538461538461604e+02 1.936831275720164740e+02
1.214912765957446794e+02 1.219201303993479968e+02 1.204121621621621614e+02 1.250740740740740762e+02
1.278879159369527088e+02 1.278638676844783646e+02 1.298067729083665256e+02 1.422924528301886653e+02
1.254424369747899135e+02 1.266304347826087024e+02 1.230919540229885030e+02 1.398212765957446777e+02
1.426105398457583533e+02 1.411092436974790019e+02 1.378227848101265920e+02 1.328484848484848442e+02
1.287758813445628618e+02 1.300104619724932320e+02 1.329045618247298819e+02 1.308431758530183799e+02
1.301688888888888869e+02 1.355045045045044958e+02 1.350000000000000000e+02 1.297108433734939865e+02
1.758886054421768677e+02 1.758144624167459540e+02 1.669180790960452043e+02 1.387419354838709751e+02
1.308850062647918833e+02 1.241192411924119199e+02 1.410294630404463021e+02 1.418867187500000000e+02
1.297474150664697277e+02 1.351929824561403564e+02 1.516818181818181870e+02 1.571736111111111143e+02
1.356806516402588727e+02 1.350207983193277244e+02 1.296970534069981511e+02 1.292315247895229220e+02
1.307107824056053005e+02 1.357176031515654131e+02 1.277736284001844211e+02 1.312722419928825559e+02
1.299887737478410941e+02 1.376650438169425570e+02 1.355361445783132410e+02 1.497647058823529278e+02
1.311390457643622085e+02 1.309571931418190047e+02 1.271239173884077331e+02 1.275729483282674721e+02
1.481502782931354432e+02 1.422889952153110187e+02 1.475816554809843524e+02 1.443807829181494640e+02
1.293011658665621724e+02 1.298167832167832216e+02 1.326697530864197461e+02 1.273555555555555543e+02
1.533372943327239568e+02 1.374560260586319203e+02 1.455616045845272311e+02 1.287672413793103487e+02
1.504997043169722133e+02 1.388498074454428775e+02 1.309598615916954998e+02 1.349160447761194064e+02
1.128113590263691748e+02 1.067551759834368568e+02 9.974172185430462889e+01 1.208218298555377146e+02
1.423279596977330073e+02 1.474422657952069642e+02 1.342421991084695492e+02 1.477287735849056673e+02
1.280000000000000000e+02 1.280000000000000000e+02 1.280000000000000000e+02 1.280000000000000000e+02
1.283821274931560481e+02 1.238957261002833832e+02 1.267871783363255531e+02 1.273346906187624796e+02
1.388581772784019961e+02 1.304957734573119126e+02 1.544964370546318264e+02 1.513946716232961478e+02
1.556502010338885782e+02 1.530054545454545405e+02 1.491562500000000000e+02 1.425000000000000000e+02
1.283690205011389480e+02 1.317654573326520051e+02 1.263757904245709085e+02 1.259984962406014972e+02
1.309326475290192491e+02 1.320745348837209292e+02 1.573856920684292504e+02 1.585752212389380418e+02
1.228386852085967149e+02 1.367861868646119206e+02 1.304852713178294437e+02 1.167292775665399205e+02
1.250847231487658462e+02 1.272066050198150577e+02 1.262508465011286631e+02 1.243752735229759310e+02
1.357728440366972507e+02 1.331662315056570947e+02 1.417595959595959698e+02 1.455698924731182728e+02
1.146428915662650638e+02 1.119952409280190295e+02 1.180422832980972458e+02 1.164625267665952890e+02
1.272478149100257099e+02 1.274969135802469111e+02 1.227243589743589780e+02 1.212121212121212182e+02
1.280861412247289763e+02 1.329841807909604654e+02 1.270910735826296758e+02 1.269378673383711202e+02
1.365469009584664661e+02 1.421664110429447874e+02 1.301660231660231659e+02 1.456332982086406673e+02
