1.491417244796828641e+02 1.132500000000000000e+02 2.354693877551020478e+02 8.736094674556213135e+01
1.690584277299501537e+02 2.048967562557924111e+02 5.543453145057766562e+01 1.261724137931034484e+01
1.509548387096774320e+02 1.074193749351053953e+02 1.888639951426836774e+02 5.752685320249303658e+01
6.169423844837421456e+00 2.511489361702127709e+01 7.832758620689655515e+01 1.420999999999999943e+02
1.232918481642812658e+01 3.673875181422351233e+01 9.050833333333333997e+01 1.578709677419354875e+02
3.587847777422449980e+01 9.404419525065962659e+01 1.496719653179190743e+02 1.925133531157269999e+02
4.598802395209580673e+00 4.937106184364060368e+01 9.937391304347825383e+01 1.526265060240963862e+02
2.345306518365235320e+02 1.875724054706355730e+02 1.344227086183310576e+02 7.274876847290640569e+01
1.684610591900311505e+01 1.011181818181818244e+02 1.677110389610389518e+02 2.391588785046728844e+02
1.893064182194617118e+01 1.663293018141836228e+02 2.111231060606060623e+02 9.816741405082211713e+01
4.120822942643391684e+01 6.932953402614816696e+01 1.105732689210950070e+02 1.378214285714285836e+02
1.079932537623248550e+02 1.247034339229968758e+01 8.491561712846348087e+01 4.903144654088050203e+01
5.634975194897236150e+01 8.394413750767341753e+01 1.314094736842105249e+02 1.794319526627218977e+02
4.543292357028327189e+01 1.190093323761665403e+02 7.688097886540600712e+01 1.928541666666666572e+02
7.164243323442136102e+01 2.932598425196850300e+01 1.235888077858880791e+02 1.972280701754386030e+02
7.638621553884711091e+01 1.455348219032429427e+02 2.945397727272727195e+01 1.923810720268006662e+02
9.426812967581047076e+01 1.084337595907928318e+02 6.417269409422694082e+01 1.621398002853067055e+01
2.189750957854406010e+02 1.954413812308549154e+02 1.607601558152476287e+02 1.235836849507735593e+02
1.801375296912113981e+02 1.472253645603181553e+02 1.055638297872340416e+02 2.330000000000000000e+02
9.957904761904761415e+01 1.495010309278350462e+02 1.970171149144254343e+02 4.010526315789473983e+01
5.579869788932059294e+01 1.323738984473352787e+02 2.505648957632817897e+01 2.066846531184302762e+02
1.627170402270725091e+01 1.053868554327808482e+02 5.532893960259688981e+01 1.784308736217133173e+02
5.611723795330352971e+01 1.031101286173633440e+02 2.210954063604240218e+02 1.661941391941391828e+02
1.060215664018161164e+01 2.813387423935091292e+01 6.573062164236377214e+01 1.214873949579831987e+02
1.303796169630643078e+02 2.933966745843230228e+01 6.812190082644627864e+01 1.803036565977742498e+02
1.577337358490566146e+02 1.966397173534000160e+02 7.362438502673796847e+01 2.448757479760647584e+02
1.928902057245080641e+02 1.117819590481460921e+02 5.826064735945485751e+01 2.415708154506437779e+02
1.377293469708890541e+02 1.811338083927157641e+02 2.379865433137090065e+02 4.982862351868732986e+01
1.470040797824115941e+02 4.695509415741187809e+01 1.118446362515413028e+02 2.067718040621266482e+02
2.686739130434782652e+01 7.980905511811023700e+01 1.663202614379084991e+02 2.336578947368421098e+02
1.744261150834184662e+02 1.999124571428571358e+02 1.279791666666666714e+02 2.371550387596899157e+02
1.933777430865298754e+02 1.591745771269881402e+02 9.330368487928843990e+00 8.200000000000000000e+01
1.509527321993075475e+02 4.252886623778093167e+01 1.188514451951951969e+02 2.188653158522050148e+02
1.348080638387232284e+02 1.481593495934959321e+02 1.842315789473684333e+02 1.483333333333333393e+01
1.253916849015317325e+02 3.341555380989787949e+01 6.734274952919020052e+01 1.593317365269461163e+02
2.007058208434994810e+02 1.792942708333333428e+02 2.153588403041825075e+02 1.002312500000000028e+02
2.015480574718605737e+02 8.125000000000000000e+01 1.524059829059829099e+02 5.004526748971193228e+01
2.970195439739413601e+01 2.345422222222222217e+02 1.489002320185614963e+02 8.532448377581120269e+01
3.880153287615974023e+01 1.198482905982906033e+02 2.327816091954022966e+02 1.839666902905740642e+02
3.986641630901287670e+01 9.122601156069363526e+01 1.665030927835051671e+02 2.348829787234042499e+02
2.810732451678535071e+01 5.703174603174603163e+01 1.330669291338582809e+02 2.181447368421052602e+02
2.329793016274292938e+02 2.164889116342545208e+02 1.952595727529221961e+02 1.525098039215686185e+02
2.265693430656934382e+01 1.147457627118644119e+01 4.637589670014347121e+01 1.050387096774193481e+02
1.916132473331679478e+02 1.577354581673306768e+02 3.809865470852017921e+01 9.113306038894575067e+01
2.407439999999999998e+02 2.141562099871958935e+02 1.845222929936305718e+02 1.012531645569620196e+02
5.926191622532498826e+01 3.524742268041237025e+01 9.584179104477611588e+01 1.252360248447205038e+02
1.980528634361233458e+02 1.694672216441207127e+02 1.158780487804878021e+02 2.350749999999999886e+02
1.817973035797303680e+02 1.633833075734157774e+02 9.086279683377308913e+01 1.155777777777777828e+02
5.317958515283843113e+00 3.081259892371003417e+01 6.660486674391657402e+01 1.336402640264026331e+02
1.423201383313777590e+01 4.322022422022421750e+01 8.318286182861828593e+01 1.393323615160349789e+02
1.106626763574177019e+01 4.638996316758747440e+01 8.815026153114598628e+01 1.318469483568075020e+02
2.421829812914906483e+02 2.020776724362877133e+02 1.547812924509994161e+02 9.628547105561861486e+01
3.659483701597024918e+01 1.509859658778205755e+02 9.611647555823778077e+01 2.113140080428954377e+02
1.369310039805395718e+02 1.767653799758745379e+02 2.005141509433962312e+02 9.869759097898513289e+01
4.873848987108655706e+01 1.011879106438896230e+02 1.521793103448275986e+02 2.284954954954955042e+02
2.095393089634451655e+01 7.114035087719298645e+01 1.521578947368421098e+02 2.204859813084112261e+02
9.187202514593623448e+01 8.352860411899314386e+00 6.997448165869218428e+01 3.725838926174496635e+01
8.973820754716980730e+01 1.588571428571428612e+02 2.247739872068230227e+02 4.339359267734553782e+01
3.046068660022148222e+01 5.652340425531915002e+01 7.579346405228757533e+01 1.388859649122807127e+02
7.818918918918918770e+00 2.246391752577319423e+01 5.291078066914498379e+01 1.044216867469879588e+02
2.474150779896014001e+02 1.012271505376344152e+02 1.201814092953523243e+02 2.020937500000000000e+02
1.413229571984435751e+01 1.185599784830554029e+02 4.960601719197707382e+01 2.065019857029388390e+02
2.523988901085498355e+02 1.232913505311077387e+02 1.680990990990991065e+02 8.244155844155844193e+01
1.392182171079994362e+02 1.156999801705334079e+02 4.491734197730956168e+01 2.399722222222222285e+02
2.064338842975206489e+01 9.974663072776280615e+01 1.575560513106525491e+02 2.260323886639676232e+02
8.618118035493189666e+01 1.398078867542972716e+02 2.058419847328244146e+02 4.202145922746780826e+01
4.640048192771084246e+01 2.435774309723889530e+01 1.157240259740259773e+02 2.020303030303030312e+02
1.051683077327031697e+02 1.695711416136591936e+02 2.871805896805896907e+01 2.401853658536585385e+02
2.007260980711131708e+02 3.194349633035635350e+01 2.392956645344705180e+02 1.219956510616525946e+02
2.303964127367996753e+02 1.890920897284533737e+02 2.606976744186046346e+01 1.283612334801762245e+02
9.242077922077921670e+00 3.614259259259259238e+01 7.932167832167831989e+01 1.422553191489361666e+02
2.509427251732101638e+02 2.229778801843318092e+02 1.712733812949640253e+02 1.209294117647058755e+02
1.263351517217865734e+02 1.834275834011391453e+02 6.842116182572614491e+01 2.306455897980871441e+02
7.093980738362760974e+01 3.967924528301886511e+01 1.410553191489361780e+02 2.152232142857142776e+02
4.881945137157106984e+01 7.604805793285055415e+01 1.291747498075442593e+02 2.249566724436741652e+02
1.265077777777777754e+02 9.446088193456614590e+01 3.078676470588235148e+01 1.609519999999999982e+02
1.560904832347140143e+02 1.312764820213799908e+02 9.802901023890784415e+01 6.722058823529411598e+01
9.222710280373831893e+01 4.639045287637699033e+01 2.038801711840228137e+01 1.300255905511810965e+02
2.514974543276429984e+02 1.250298210735586402e+01 7.478145695364239032e+01 1.753483146067415817e+02
2.216433450631339213e+02 1.996758228557700079e+02 1.481956671251719513e+02 8.020106524633821721e+01
1.871940337224384052e+02 8.095636215334420172e+01 1.437169014084506955e+02 4.075498007968127467e+01
2.053955382135889352e+02 1.747122791119166152e+02 2.362817258883248712e+02 1.172890625000000000e+02
1.530631377551020478e+02 1.377702922077922096e+02 9.086792452830188438e+01 3.986486486486486314e+01
8.092069051788841705e+01 1.126569420035149420e+02 5.000697674418604777e+01 1.629386503067484568e+02
2.242862332001452899e+02 1.894186633039091987e+02 1.412606060606060510e+02 1.584965517241379303e+02
3.123813084112149596e+01 6.386113463166807946e+00 5.599708114419147620e+01 1.521549295774647987e+02
2.640976786754305650e+01 5.714846679902934312e+01 1.018363422291993743e+02 1.547167680278019191e+02
1.189653338585779068e+02 9.052109181141439365e+01 5.397179487179487012e+01 2.074871794871794748e+02
8.791229460939752016e+01 4.734151408907933956e+01 1.566260148849796963e+02 2.302639318885449029e+02
2.055685941043084028e+02 2.374794200187090780e+02 8.542436149312376870e+01 5.540414507772020869e+01
1.007990169306389987e+02 1.376692789968652164e+02 1.824579945799457903e+02 2.197731958762886677e+02
3.616791044776119435e+01 9.902437538086532243e+01 1.797206095791001417e+02 2.252053045186640361e+02
2.113207547169811296e+00 6.340849194729135974e+01 3.067910447761193993e+01 9.832167832167831989e+01
2.783645031169783568e+00 2.584969325153374342e+01 5.366666666666666430e+01 4.700000000000000000e+01
1.776917207172834878e+02 2.262643764002987439e+02 1.239650959860383921e+02 6.913636363636364024e+01
1.421099726775956356e+02 8.845371024734981802e+01 3.949902152641878672e+01 2.026548767416934709e+02
9.900447812607646725e+00 1.097045045045044986e+02 5.283057851239669134e+01 1.761703296703296644e+02
4.376905487804877737e+01 7.991651205936919666e+01 1.923639191290824257e+01 1.356007194244604364e+02
1.218104113110539828e+02 1.635428082191780845e+02 7.159628975265017914e+01 3.000469483568075191e+01
1.190704973442781238e+02 2.417904522613065410e+02 1.489684044233807185e+02 6.100338983050847474e+01
1.170063231339486798e+01 5.997113193213471760e+01 1.317566157286619557e+02 2.037273425499232076e+02
1.103196864111498314e+02 1.355525170913611248e+02 1.478256997455470696e+02 5.993865030674846395e+01
1.283732534930139764e+02 6.400596569724086748e+01 1.917100257069408826e+02 2.444023614895549485e+02
4.822262773722627571e+01 2.534513274336283217e+01 7.633409090909090366e+01 1.449506172839506064e+02
3.863132363132363079e+00 2.567008797653959107e+01 5.628507795100222921e+01 9.113636363636364024e+01
7.408430007733952039e+01 3.575479744136460880e+01 1.425520504731861138e+02 1.184976525821596312e+02
7.013224384474787598e+01 1.292925978414913288e+02 1.904168910648714927e+02 3.308910344827586414e+01
6.927034543325526705e+00 9.988937030618140511e+01 1.683961267605633907e+02 2.404619321817018545e+02
1.475113821138211279e+02 1.986862139917695345e+02 1.089707112970711336e+02 3.539999999999999858e+01
4.016943409013893351e+00 9.670706775700933733e+00 9.279487179487179560e+01 1.810821917808219155e+02
8.622949042284062671e+01 4.538202247191011196e+01 1.301564185544768009e+02 1.882213114754098342e+02
2.263498270416603830e+01 7.108722071608862336e+01 2.481743648960739108e+02 1.786485552763818987e+02
1.874921212970096107e+01 7.240060399159663973e+01 2.407629820051413958e+02 1.703264569365652505e+02
1.472574025212547610e+02 1.100573195876288679e+02 1.181582125603864739e+02 2.235571428571428498e+02
2.287086236933797920e+02 1.839305645684620458e+02 2.428165810711665529e+02 1.478909909909909857e+02
1.190368509212730288e+02 1.042185374149659793e+02 1.657649769585253523e+02 2.115892857142857224e+02
7.024596391263058592e+01 1.022884012539184937e+02 4.005351833498513514e+01 2.366186252771618470e+01
1.518836744882675873e+02 1.102807017543859587e+02 1.378967813540510576e+02 1.622696011004126433e+02
2.014887962480458441e+02 1.585901585204755690e+02 1.272054298642533894e+02 5.780080213903743669e+01
1.580506148636606554e+02 1.082623335943617917e+02 5.305662514156285425e+01 1.204075949367088612e+02
2.132473092844470841e+02 1.850014963339817484e+02 1.407628509719222336e+02 9.279423868312757406e+01
2.767208791208791041e+01 6.307265306122449289e+01 1.232124105011933182e+02 1.875988372093023315e+02
1.717482758620689651e+02 1.504398826979472119e+02 8.540540540540540349e+01 3.155555555555555713e+01
2.915582262743472697e+01 1.134604904632152511e+01 9.194444444444444287e+01 1.950893617021276611e+02
2.205015564202334701e+02 1.984003446295232607e+02 1.736513437057991496e+02 1.216015936254980119e+02
2.108345517506733415e+02 2.591395697848924584e+01 1.297082152974504368e+02 1.763731249999999875e+02
1.075350588879758931e+02 5.635206406185282191e+01 1.339055977229601524e+02 1.544536870503597186e+02
4.959235019124521671e+01 8.366232412714956013e+01 1.913817733990147829e+01 2.241180257510729632e+02
1.520355613791842586e+01 4.788352375028644303e+01 1.093253031860226088e+02 1.795320482385338607e+02
2.876372750056960470e+01 8.613621480026194988e+00 6.125896860986546955e+01 9.530578512396694180e+01
1.956506342494714659e+02 1.233359853121175007e+02 1.601102803738317846e+02 7.118567639257294388e+01
3.333205128205128176e+01 8.503841229193341178e+00 7.450375133976420727e+01 1.465460122699386432e+02
1.016172728441074469e+02 1.244825336414299244e+02 6.359656084656084829e+01 1.797093425605536368e+02
1.309397077325074861e+02 2.129874294923448872e+02 1.760290155440414424e+02 7.416752577319587658e+01
1.442535211267605746e+02 7.120385906040267798e+01 1.153359013867488443e+02 3.506818181818182012e+01
2.254628398791540747e+02 1.891861861861861769e+02 1.416204379562043698e+02 8.827419354838710319e+01
6.816629213483145655e+00 2.866587677725118510e+01 9.556451612903225623e+01 1.900465116279069662e+02
2.399021291612751554e+02 2.046970812516434535e+02 7.340387323943662068e+01 3.422285714285714420e+01
1.520092838196286422e+01 4.508684863523573227e+01 9.935940803382663944e+01 7.104245283018867951e+01
2.429908055166899885e+02 6.304538653366583389e+01 2.024577615126563046e+02 1.402085380835380874e+02
1.244975443898753298e+02 1.909230403800474960e+02 3.957351351351351099e+01 2.422539062500000000e+02
4.047439613526569957e+01 8.889555125725338769e+01 1.313905852417302924e+02 1.772380952380952408e+02
9.271326164874551523e+01 4.451572327044025457e+01 1.980723860589812375e+02 1.579393939393939377e+02
4.258638906152889803e+01 1.183625254582484700e+02 1.605610859728506910e+02 2.252226720647773277e+02
4.128586839266451136e+01 1.473072660098522135e+02 7.774752097635392545e+01 2.024768518518518476e+02
1.669051116333725133e+02 7.380858085808580427e+01 1.205216972034715468e+02 2.368000000000000114e+02
2.057255813953488257e+02 2.334252307692307795e+02 1.531477369769427810e+02 7.768072289156626198e+01
2.385183721849071503e+01 6.571680000000000632e+01 1.487229729729729684e+02 2.128571428571428612e+02
1.292056421677802405e+02 9.765173572228442822e+01 1.833514644351464540e+02 8.026168224299065912e+01
1.653541305603697253e+02 1.212434529582929201e+02 7.064538310412574162e+01 3.632452431289640771e+01
9.650193945526604011e+01 1.292130534790109380e+02 6.493630744423542467e+01 1.798757249378624579e+02
2.711038961038961048e+01 6.594579945799458187e+01 2.163302752293577953e+02 1.346546184738955958e+02
5.335656970912738473e+01 1.048337368845843400e+02 1.694826254826254797e+02 2.133507853403141326e+02
1.638416151438821373e+02 1.237413543867452432e+02 1.962294782925939387e+02 7.373320825515946808e+01
2.177233418488031020e+02 1.667876531347585853e+02 1.022448015122873386e+02 4.093240343347639509e+01
9.079010925819436295e+01 3.612648556876061434e+01 1.575763636363636238e+02 2.190270270270270316e+02
3.969482288828337602e+01 1.832646592709984290e+01 1.184613003095975188e+02 1.965851528384279447e+02
7.222410865874363317e+00 2.433109619686801040e+01 5.999547511312216841e+01 1.267169811320754746e+02
1.762676200204290069e+02 8.561144261144261236e+01 2.303162286191072212e+02 1.440134048257372683e+02
4.330181918412348097e+01 2.212352731167440112e+01 8.588030888030887411e+01 1.627087087087087127e+02
2.530406133443845818e+02 2.168180379746835342e+02 3.606046511627906881e+01 1.169649122807017534e+02
2.083540343812916262e+02 1.653843390804597675e+02 2.356364893750785825e+02 9.412810070344316671e+01
7.237986463620980260e+01 5.739837398373983746e+01 1.300424242424242323e+02 1.765745454545454436e+02
1.767801169590643156e+02 1.382841296928327779e+02 2.277606837606837473e+02 6.551923076923077360e+01
1.306035928143712681e+02 9.248826291079812734e+01 1.494659685863874472e+02 4.888961038961038952e+01
9.551768867924528195e+01 3.717158931082981610e+01 1.553104524180967303e+02 2.487419354838709751e+02
3.049847560975609895e+01 8.891799544419134449e+00 9.508029197080291794e+01 1.832033096926713824e+02
7.581369150779896415e+01 1.114680959673302709e+02 1.502967651195499172e+02 2.286517412935323250e+02
1.548046722907203048e+02 1.294766875434933979e+02 9.922689075630252376e+01 5.708571428571428896e+01
8.097791798107255801e+00 2.480288461538461675e+01 7.361415332771693443e+01 1.414799999999999898e+02
7.349681933842239800e+01 1.559981114258734749e+02 1.088544921875000000e+02 3.460439560439560580e+01
2.099650349650349597e+02 1.364220623501199157e+02 1.765242165242165129e+02 8.921398305084746028e+01
3.353163538873994298e+01 7.596694214876032802e+00 9.359246275197195075e+01 1.865726190476190425e+02
1.437407551576488984e+01 4.574782608695652186e+01 1.161666666666666714e+02 1.954536082474226930e+02
1.251375262054507402e+02 1.763497688751926091e+02 2.260673316708229379e+02 7.802472952086553448e+01
3.236200474094141466e+00 4.614364640883977842e+01 2.277456647398843970e+01 7.189655172413793593e+01
6.282222898286177859e+00 3.886848739495798100e+01 1.083317333333333323e+02 1.996336019838809648e+02
2.637042682926829329e+01 6.754489164086687936e+01 5.383495145631067658e+01 1.313684210526315894e+02
1.379641693811074958e+02 4.767272727272727195e+01 8.912164948453607849e+01 2.034181818181818073e+02
4.524367622259696731e+01 8.872236958443855315e+01 2.637887067395264040e+01 1.624626865671641838e+02
1.963058823529411825e+02 1.882871137905048897e+02 1.610260869565217376e+02 1.322068965517241281e+02
2.161950207468879626e+02 1.703615751789976116e+02 2.476632047477744720e+02 8.721599999999999397e+01
4.675871724429416787e+01 8.423894649786882383e+01 1.339248523886205078e+02 2.036563342318059426e+02
2.399694336940210064e+02 2.128097178683385664e+02 1.731051660516605182e+02 1.341252955082742346e+02
1.593953757225433492e+02 1.243384410393071278e+02 1.852399355877616642e+02 4.620403587443946236e+01
7.221885245901638939e+01 3.942917847025496059e+01 2.111027190332326313e+02 1.423706720977596660e+02
2.162444444444444400e+02 1.667718120805369040e+02 1.219552238805970177e+02 7.233333333333332860e+01
2.057296650717703415e+02 2.321378205128205252e+02 1.473960176991150490e+02 7.867078189300411850e+01
1.360979310344827695e+02 8.876813655761024791e+01 1.791156812339331736e+02 4.962142857142857366e+01
1.629620774938169916e+02 1.201205673758865231e+02 7.545708582834330969e+01 2.183893442622950829e+02
1.113817118553960626e+02 5.561663286004056772e+01 2.074169145771355716e+02 1.152870275791624124e+02
3.234589041095890138e+01 8.014600550964186709e+01 1.413556910569105582e+02 2.069442231075697123e+02
1.469691241335853782e+01 5.569001297016860974e+01 1.344202247191011281e+02 2.107972972972972912e+02
9.538838920686835365e+00 5.339791666666666714e+01 1.252642857142857196e+02 2.028412698412698489e+02
1.563508654233194761e+02 2.234471507352941160e+02 1.102060142442627324e+02 4.124232730180946049e+01
2.076218323586744532e+02 1.718046937151949010e+02 1.254866204162537144e+02 6.454158215010141930e+01
9.569214659685863467e+01 5.051657754010695101e+01 9.037500000000000000e+01 2.275829383886255926e+02
1.593319973279893098e+01 4.217861799217731544e+01 8.415300546448087005e+01 1.373703703703703809e+02
3.028695652173913189e+01 1.487137614678898956e+02 7.957835820895522261e+01 2.355985748218527362e+02
2.234950298210735582e+02 1.605943152454780432e+02 9.990303907380608450e+01 5.820744680851063890e+01
1.003280379041248551e+02 6.364047217537942913e+01 3.429093567251462105e+01 1.435319865319865187e+02
6.324411134903639820e+00 2.289674952198852864e+01 4.723716381418093135e+01 9.361363636363635976e+01
3.383303624480095095e+01 1.007417530631479679e+02 1.172682926829268268e+01 2.054534883720930338e+02
1.027943607194944065e+02 1.563484162895927625e+02 5.617222963951935810e+01 2.186243093922651894e+02
2.461849577897160373e+02 1.999622052704577015e+02 1.419806835066864892e+02 1.202012195121951237e+02
1.325295857988165693e+01 5.837323511356660610e+00 7.246728971962616583e+01 1.850000000000000000e+02
2.755257801899593062e+01 6.834493192133132311e+01 1.261335761991499709e+02 1.773247863247863165e+02
1.751966765308445133e+02 1.273601508485229346e+02 4.499155145929339739e+01 7.893103448275861922e+01
1.976012269938650263e+02 2.435876046409164246e+02 1.598688226744185954e+02 7.841351351351350729e+01
1.158456032719836344e+02 1.383399433427761949e+02 3.883763277693474691e+01 2.055000000000000000e+02
2.402779255319148888e+02 1.782173560421735488e+02 5.901756756756756772e+01 1.148927999999999940e+02
1.135561403508771861e+02 5.495348239527113776e+01 2.113667076167076289e+02 2.496559378468368351e+01
1.452059259259259250e+01 5.514806866952789477e+01 1.327887874837027482e+02 2.070467706013363056e+02
1.402908314163654211e+02 3.749714937286203309e+01 1.699188275084554789e+02 8.695186335403727185e+01
1.496028629856850785e+02 1.707505045408678086e+02 7.673841059602648329e+01 2.402275862068965466e+02
4.275579086697551645e+01 8.232928311057108317e+01 1.375433673469387656e+02 2.150836820083682142e+02
6.968397691966266905e+00 2.611198851399856480e+01 6.118244803695149869e+01 1.002567567567567579e+02
1.966491340602950686e+02 1.575825082508250716e+02 1.052820512820512846e+02 5.487439613526569815e+01
8.223741350513003567e+01 1.431053941908713796e+02 5.322786022020105179e+01 2.027339805825242820e+02
3.777359804946011934e+01 5.633878064110622574e+01 8.034810951760104558e+01 1.478679245283018986e+02
4.709873500903565002e+01 8.572762033288348960e+01 2.511526479750778762e+01 1.758972089857045660e+02
4.309124795442148326e+01 1.438976142534626774e+02 8.979777111015859248e+01 1.382152441297055532e+02
1.484063136456211680e+02 1.866279491833030875e+02 7.347782258064516725e+01 3.005194805194805241e+01
1.327991805986916063e+01 5.257736193518940837e+01 1.228617886178861767e+02 2.303899082568807444e+02
1.540118487012000514e+02 1.298113627924248021e+02 7.635490605427975197e+01 2.482631578947368496e+02
2.999410609037328257e+01 6.108986486486486456e+01 1.047995824634655548e+02 1.903101160862354959e+02
6.696313672922252636e+01 3.575641025641025550e+01 5.890173410404623944e+00 1.180381355932203320e+02
2.848384353741496611e+01 5.489602446483180387e+01 7.951183431952662772e+01 1.406941176470588175e+02
1.711456618112729586e+02 1.503235294117646959e+02 1.239526748971193371e+02 9.142000000000000171e+01
2.126623570363003353e+02 1.797070110701106955e+02 5.763601161665053496e+01 1.097576396206533218e+02
1.541570304481696780e+02 2.500000000000000000e+02 2.247873229204504071e+02 8.124701195219122951e+01
1.466726246472248363e+02 1.673948967193195756e+02 7.091092436974790303e+01 1.124409722222222285e+02
2.528937308198158576e+02 2.180615124153498812e+02 1.690382424735557265e+02 8.746250000000000568e+01
3.409897292250233303e+00 3.169507389162561495e+01 9.538377192982456165e+01 2.137643504531721987e+02
1.219752628324056900e+02 2.887328767123287676e+01 7.043368107302534042e+01 2.020578125000000114e+02
8.026554856743535993e+01 4.983121597096188538e+01 1.514652956298200515e+01 1.647833333333333314e+02
1.858963044677330245e+01 6.612034676185619730e+01 9.807528324388789542e+01 1.506797730036481653e+02
1.499158804137774226e+01 5.431318160265528405e+01 1.199379333113238744e+02 2.038450274557657167e+02
3.392169491525423553e+01 8.669626998223800740e+01 9.203056768558951717e+00 1.737650176678445177e+02
6.244304039823855845e+00 4.687534626038781482e+01 2.217118402282453360e+01 1.984166666666666572e+02
5.291819659302955614e+00 2.764135338345864668e+01 6.555468750000000000e+01 1.175575221238938042e+02
2.234280242578997822e+00 2.794202898550724612e+01 7.442187500000000000e+01 1.708666666666666742e+02
2.518611911623439141e+02 1.939919395465994967e+02 2.245950155763239877e+02 1.257386363636363598e+02
2.359104926664159336e+02 3.745033860045146668e+01 1.722960288808664302e+02 9.637707736389684499e+01
3.085474860335195402e+01 6.088170515097691293e+01 1.279659090909090935e+02 2.272016129032257936e+02
1.527872340425531839e+01 2.320512820512820440e+01 7.283333333333332860e+01 1.225454545454545467e+02
1.536147592245153248e+01 5.451456310679611761e+01 1.286918032786885249e+02 2.125042016806722813e+02
1.228448098663925947e+02 4.902295552367288423e+01 1.885403050108932348e+02 2.439479166666666572e+02
1.901602155805977361e+02 1.199904974846282784e+02 4.237195484254307587e+01 2.371044885945548231e+02
2.687547408343868582e+01 6.927879440258342925e+01 1.280337941628264105e+02 2.371654135338345952e+02
1.757597551644988414e+02 2.404107981220657280e+02 8.096109839816934084e+01 1.277440758293838883e+02
1.343269230769230838e+01 4.886357526881720759e+01 1.000799086757990892e+02 1.668201058201058231e+02
2.238869359027438009e+02 1.840760784313725367e+02 1.016570841889117105e+02 4.210629531970995032e+01
1.206482671773749260e+01 4.917678214812885074e+01 1.185327050997782692e+02 1.569059520742076757e+02
2.149025549613784847e+02 1.974704663212435207e+02 1.467583892617449806e+02 1.227654320987654302e+02
2.169034048852701630e+02 1.987488457987072934e+02 1.130069324090121370e+02 6.851639344262295594e+01
1.920937500000000142e+01 7.813440320962888563e+01 1.425725888324872983e+02 2.046209048361934606e+02
2.369277655907239080e+02 2.032060473815461421e+02 9.112732919254658270e+01 3.998387096774193594e+01
1.642477417196386682e+02 1.283084291187739439e+02 9.679045893719806770e+01 6.536585365853657947e+01
2.258279593639576035e+02 1.990827554322700053e+02 1.273272727272727280e+02 6.561002785515320568e+01
2.382802860974519490e+02 1.837072538860103634e+02 1.338347457627118615e+02 8.906949806949806714e+01
9.596846388606307698e+01 1.571226158038147105e+02 2.484830633284241586e+01 2.187132169576059937e+02
1.205707587382779167e+02 7.331568047337277960e+01 3.064632174616006566e+01 1.989845173041894384e+02
5.025402298850574567e+01 2.418566775244299549e+01 1.074037037037036981e+02 2.049649122807017534e+02
1.227150962012826767e+02 6.672457627118643586e+01 4.301690507152145848e+00 1.542783208740655425e+02
1.366930624654505380e+02 8.763424614416115332e+01 4.703297367285282604e+01 2.415852180936995097e+01
1.836112629852378220e+01 9.226745164003364152e+01 4.240263405456256152e+01 1.284299674267101068e+02
1.988330366678533210e+02 1.624965517241379303e+02 1.302413793103448256e+02 2.447971014492753739e+02
9.028457711442786859e+00 2.354502740798747240e+01 5.144690674053554602e+01 9.703422053231939515e+01
3.782978723404255561e+01 8.859914255091103996e+01 2.294470899470899496e+02 1.552935779816513673e+02
7.635702000543133749e+01 1.433942139564457250e+02 2.408664570230608035e+02 3.417169247487095873e+01
2.054332146037399696e+02 1.761448371448371404e+02 1.206949152542372872e+02 5.033870967741935232e+01
8.817203311867525883e+01 1.407799539170507046e+02 4.137220259128386601e+01 2.047556053811659069e+02
1.367619047619047556e+01 4.539109848484848442e+01 7.842495126705652808e+01 1.122388451443569579e+02
9.311664820967146738e+01 1.563378058405682758e+01 1.637194780987884428e+02 2.421490857946554058e+02
3.078364952703059743e+01 6.702712625650531209e+01 1.267688263078157007e+02 1.853364470929296317e+02
1.717795990633388499e+02 1.420328627496924696e+02 8.822205183254102678e+01 2.132515789473684151e+02
1.213910614525139664e+01 4.626824457593688322e+01 8.381474103585657076e+01 1.283448275862068897e+02
2.411534634519709073e+02 1.752826666666666711e+02 1.956574923547400502e+01 8.152296819787986237e+01
1.930412064570943187e+02 3.447994987468671724e+00 3.647823261858349753e+01 1.299179104477611872e+02
1.811607262945528021e+02 1.500683544303797419e+02 1.236650000000000063e+02 7.304938271604937938e+01
9.931415149735759940e+01 4.462723214285714590e+01 1.539147826086956456e+02 2.185806988352745464e+02
3.633186716516384251e+01 1.055840000000000067e+01 8.421054628224582927e+01 1.330920792079207899e+02
4.407172131147540739e+01 7.262348877374783740e+01 1.150643274853801188e+02 1.716352941176470495e+02
9.786737089201878348e+01 6.663924963924964118e+01 3.166322314049586950e+01 1.988391608391608258e+02
5.998261028738788525e+00 3.769780992565802791e+01 1.143929347826086911e+02 2.286866883116883002e+02
4.193901593901593827e+01 7.301529636711281057e+01 1.119961165048543705e+02 1.406180904522612991e+02
2.021628189550425247e+01 1.046665301106104096e+02 9.410860927152317856e+01 2.065623268698060997e+02
1.521428571428571352e+01 7.931734317343173757e+01 1.416072463768115881e+02 2.327121212121212182e+02
6.472075869336142873e+00 5.329097472924187429e+01 9.796980461811722307e+01 1.501502590673575241e+02
1.689673905453529699e+02 1.145388906769659911e+02 2.041622377622377655e+02 6.005116959064327631e+01
2.520558717020175834e+02 2.156240985576923208e+02 1.410472131147541006e+02 6.140441176470588402e+01
1.479866461222393355e+02 1.159364485981308377e+02 7.477593360995849991e+01 2.906122448979591866e+01
8.237196765498651985e+00 8.777627118644068105e+01 4.788178913738018849e+01 1.414929245283018986e+02
1.691244929495846918e+02 2.081159335288367629e+02 1.191685404339250454e+02 8.014810810810810437e+01
6.508701957940536431e+01 9.450713012477717712e+01 1.318952164009111527e+02 2.957435897435897587e+01
4.876376988984088001e+00 3.584358706986444076e+01 8.979301423027166607e+01 1.536218034993270578e+02
1.532643837729446261e+02 9.980304757955840955e+01 1.921769156692805041e+02 4.057016202996025811e+01
1.349126984126984041e+02 6.125702811244980239e+01 8.157031963470319624e+01 2.091402352941176446e+02
3.470082774931020708e+01 8.963789039481437726e+01 1.523659074210139579e+02 2.263314220183486327e+02
9.468835750686006136e+00 2.929302325581395294e+01 7.982851637764932207e+01 1.560653266331658244e+02
1.360219594594594561e+01 4.608214676889375738e+01 9.050000000000000000e+01 2.128382352941176521e+02
5.189081761006289639e+01 1.073009562154001060e+02 2.092171344165435798e+01 2.063823529411764639e+02
4.573307860262008973e+01 2.187278582930756698e+01 9.869599999999999795e+01 1.559736842105263293e+02
1.767931238885595668e+00 2.358823529411764852e+01 5.542857142857143060e+01 9.759259259259259522e+01
2.448657881893606714e+01 1.023890577507598820e+01 6.729101562500000000e+01 1.207901234567901270e+02
7.988646626241775017e+00 5.723619047619047961e+01 1.334282474894719712e+02 2.116631799163180006e+02
2.296957236842105132e+01 6.884759233286582969e+01 1.842285714285714278e+02 1.174600840336134411e+02
4.880116959064327631e+00 4.183257918552035903e+01 7.861264181523500838e+01 1.117602905569007277e+02
2.279003568487510165e+02 1.959820251647693112e+02 1.363075060532687530e+02 7.990909090909090651e+01
1.365187545967148885e+01 5.179230769230769482e+01 1.393419913419913314e+02 2.274318181818181870e+02
4.604362703165098480e+01 1.843468208092485483e+01 8.359463986599665475e+01 1.428278931750741947e+02
9.995773140716960370e+01 1.476620033575825346e+02 1.869426229508196684e+02 2.437251908396946476e+02
3.376078875060611040e+01 6.364674665436086798e+01 1.767886353852776438e+01 1.218008130081300777e+02
7.130367504835589898e+01 1.176157840083073722e+02 3.449259259259259380e+01 1.904049586776859542e+02
6.427521092808356684e+01 3.257728638900815810e+01 1.086774356385663793e+02 3.920286396181383992e+01
7.167110799438989943e+01 1.228324561403508710e+02 2.263712871287128792e+02 3.666489361702127781e+01
1.367094017094017033e+01 5.592990239574090339e+01 9.907246376811593791e+01 1.609700598802395177e+02
4.310923049023756448e+01 1.012683059261557617e+02 1.390683615819208967e+02 1.824065934065934016e+02
4.225962877030162446e+01 2.249761108456760539e+01 6.789632107023410867e+01 1.173679775280898809e+02
1.744148434148434035e+02 2.040849613811903680e+02 1.195901234567901241e+02 5.120967741935483986e+01
6.387390670553935834e+00 2.841029411764705870e+01 6.910820895522388696e+01 1.591216216216216139e+02
4.337065637065636992e+01 2.530317583268783821e+01 1.081914551879216191e+02 2.117024048096192246e+02
1.650845573813363671e+02 2.029134336236473928e+02 2.383326646606486179e+02 9.779442508710801008e+01
2.330778848658504785e+02 2.155840251932436331e+02 1.986370262390670689e+02 1.401333333333333258e+02
2.410203908241291515e+02 1.364382657869934121e+02 1.984425287356321803e+02 6.593513513513514113e+01
3.188838337882923923e+01 6.997748344370860707e+01 1.247535564853556451e+02 1.896235565819861506e+02
1.179937343358396049e+02 1.776776750330251105e+02 7.119703703703703468e+01 3.227459016393442681e+01
1.177090650213573753e+02 7.862929936305732781e+01 3.257550335570469713e+01 1.315393258426966270e+02
2.109375302663438276e+02 1.729132581100141124e+02 1.212133757961783402e+02 3.585964912280702066e+01
1.782880027266530476e+02 2.196943775100401695e+02 9.368351063829787506e+01 3.860946745562129934e+01
1.757561494078348119e+02 1.476672710788757854e+02 1.054628297362110345e+02 4.392541436464088633e+01
1.604939404486915677e+01 7.525955543507726020e+01 2.352168529145273226e+02 1.487730639730639837e+02
3.230924956369982226e+01 6.710499490316004234e+00 8.843622448979591866e+01 1.881071428571428612e+02
1.394578551642263449e+02 3.465732087227414127e+01 1.016455266138165285e+02 1.951310160427807432e+02
3.040575079872204611e+01 5.930559167750325145e+01 1.057332576617480129e+02 1.855237020316027099e+02
1.234816753926701551e+02 1.736986541837331686e+02 2.360325027085590364e+02 6.987765957446808329e+01
3.662526766595289196e+00 3.705411764705882405e+01 1.244428152492668573e+02 2.316234567901234698e+02
4.589925546765937980e+01 8.381951484431571942e+01 2.304390613171839419e+01 1.621630901287553570e+02
4.843589202867988064e+01 2.323451327433628322e+01 1.027548806941431678e+02 1.661159420289855007e+02
8.997387437465258131e+01 2.394892473118279668e+02 4.205730427764326151e+01 1.388788682581786134e+02
1.035077551020408180e+02 2.467284934955937956e+02 1.853125000000000000e+02 6.444061757719714478e+01
5.631578947368421240e+01 2.490034843205575044e+02 1.927442143727161863e+02 1.259830287206266348e+02
3.242242503259452491e+01 2.496435546875000000e+02 8.818317757009346280e+01 1.907219917012448036e+02
3.461345604569977752e+01 8.823603603603604029e+01 1.570753968253968367e+02 2.241153846153846132e+02
1.101284329563812605e+02 2.440846223839854474e+02 1.743927986906710430e+02 5.982958801498127599e+01
2.127711601375723376e+02 2.300091216216216310e+02 1.793113924050632875e+02 8.000000000000000000e+01
5.704819728656023159e+00 2.416506449902809663e+02 1.946127044826853592e+02 6.771525508921840242e+01
1.754634146341463463e+02 4.248702290076335686e+01 1.150204479065238559e+02 2.243225806451612812e+02
2.568507253158633574e+01 1.228319088319088337e+02 6.429010763710917331e+01 1.986001400560224113e+02
5.391072933549433088e+01 9.172797850104508655e+01 2.611961722488038262e+01 1.232059620596206031e+02
2.384109963547995221e+02 2.108480853735090932e+02 1.736753554502369639e+02 8.586885245901639507e+01
5.142066420664206383e+00 2.229649595687331498e+01 4.867246376811593933e+01 1.242826086956521721e+02
7.013150029886431547e+00 2.376366559485530416e+01 6.867005076142132225e+01 1.178235294117647101e+02
2.446093994778067895e+02 2.110774410774410796e+02 1.648389830508474461e+02 4.878260869565217206e+01
1.594654121388815327e+02 1.845168067226890685e+02 1.068110383536015036e+02 6.285252525252525402e+01
1.423684210526315752e+01 5.012737293325168508e+01 1.456578947368421098e+02 1.079576719576719626e+02
3.704490751058613540e+01 1.248413793103448342e+02 5.887450980392157085e+00 2.239995187680461868e+02
1.056708589951377633e+02 6.405246321177223479e+01 3.445626179987413451e+01 1.838622913505311089e+02
2.299519888346127061e+02 1.334478442280945671e+02 1.882489486963835077e+02 9.209963099630996908e+01
1.266434151785714235e+01 5.213909587680079483e+01 1.047831753554502399e+02 1.839836065573770441e+02
1.727452589866968538e+02 1.986581352833638050e+02 1.236355701036552119e+02 7.868764044943820579e+01
2.028184129089301564e+02 2.452792276361442134e+02 1.529798449612403033e+02 1.048982571832312800e+02
8.575366568914956744e+00 2.512550607287449367e+01 7.627950310559006653e+01 2.009583333333333428e+02
2.516535796766743545e+02 1.082185430463576097e+02 2.174018691588784975e+02 1.699946091644204955e+02
1.011916708479678917e+01 2.378748524203069792e+01 5.354100165107319498e+01 1.110137299771167108e+02
2.378351648351648464e+02 3.478061911170928511e+01 1.837613019891500983e+02 9.883599999999999852e+01
1.966340561853129714e+02 2.454954721862872020e+02 1.308974804517810639e+02 3.663439635535307559e+01
1.344577068747848081e+01 4.887053920291742770e+01 9.332820512820512704e+01 1.603874125874125980e+02
1.371740251369642181e+02 1.181879148936170196e+02 2.059041394335511939e+02 7.252272727272726627e+01
1.413171122994652364e+02 3.733969118982742685e+01 2.323946146703806903e+02 1.371617647058823479e+02
1.635766961651917484e+01 5.370136518771330714e+01 1.029281914893617085e+02 2.019807692307692264e+02
1.357202441505595232e+02 9.154232558139534603e+01 1.716878027300748499e+02 4.940313390313390585e+01
1.333604601619088328e+02 9.855660377358491075e+01 3.247133757961783118e+01 6.347854077253219174e+01
2.952732240437158495e+01 6.146104725415069936e+01 1.018605697151424323e+02 1.663826291079812165e+02
1.764152492668621619e+02 1.227628398791540718e+02 7.057268722466960753e+01 3.642857142857143060e+01
2.017178383548541376e+02 2.426647727272727195e+02 1.028333333333333286e+02 3.996551724137930961e+01
7.920429104477611304e+01 4.787096774193548043e+01 2.327354260089686022e+01 1.517607361963190158e+02
1.505752346351801307e+01 4.925590004627487417e+01 1.081132756132756185e+02 1.850240066225165663e+02
1.483873417721518990e+02 2.016754966887417311e+02 3.694576271186440408e+01 8.649425287356321235e+01
2.301400142146410701e+02 2.434662379421221772e+02 1.869064748201438988e+02 1.366791044776119293e+02
2.840942323314378726e+01 4.706582125603864597e+01 8.084508547008546486e+01 1.269714285714285751e+02
1.388478260869565304e+02 9.053998865570051180e+01 2.197200748129675674e+02 5.243468468468468302e+01
2.520561599529549994e+02 2.202072784810126507e+02 1.664815905743740814e+02 9.379342723004694449e+01
1.442848618997209087e+02 2.446819592198581717e+01 9.255355206073753038e+01 2.095645949720670274e+02
1.951122194513715868e+01 1.745276134122287885e+02 1.138803301237964263e+02 3.935871156661786330e+01
2.323382608695652038e+02 2.476241745283018929e+02 2.080883524141363807e+02 9.343047337278106568e+01
1.149786288254402500e+01 4.712298071912454134e+01 6.207517619420517008e+01 1.565772870662460434e+02
1.822977477477477350e+02 1.391329113924050773e+02 6.573190789473683537e+01 2.254859154929577585e+02
9.673533315635783936e+01 4.049605522682445979e+01 1.636310384176493073e+02 2.403977968176254478e+02
2.052559440559440418e+02 1.696434659090909065e+02 1.282130518234165208e+02 6.767415730337079083e+01
4.775913396481732320e+01 2.353259361997226051e+01 1.435869158878504663e+02 1.993894009216589893e+02
1.184211369095276183e+02 2.206458504519309827e+02 1.912041820418204168e+02 1.031633986928104605e+02
1.220558375634517745e+02 7.478089171974522742e+01 3.338303341902313548e+01 2.291720430107527022e+02
2.486331779590477709e+02 2.001192812539824217e+02 1.587552998182919453e+02 9.967097966728280767e+01
1.614050558495003074e+01 5.089213893967093583e+01 1.133606557377049171e+02 2.362923076923077019e+02
1.443635161929940409e+02 2.029577464788732470e+02 2.382673702726473266e+02 7.952692307692308304e+01
3.176512710347296764e+00 5.674619289340101602e+01 1.174109589041095916e+02 2.218499999999999943e+02
7.491924157303370180e+01 2.875239616613418647e+01 7.449812734082397014e+01 1.487137404580152804e+02
2.338836936090225436e+02 2.175812500000000114e+02 1.672307692307692264e+02 9.700000000000000000e+01
1.882313163365794821e+02 6.989002932551319880e+00 1.396703056768558895e+02 8.579969765684050742e+01
6.915540540540540349e+01 5.769379844961240345e+00 3.372727272727272663e+01 1.255172413793103487e+02
3.017989728539985350e+01 6.793666892044174688e+01 1.496494082840236786e+02 2.216618705035971288e+02
4.940049906425452519e+01 8.159229058561898285e+01 1.629241435562805975e+02 2.237157221206581426e+02
5.630641940085592267e+01 1.326691729323308344e+01 1.026797127468581721e+02 1.741123595505617914e+02
1.185991586538461604e+02 1.028911834789515467e+02 7.417514124293785471e+01 3.740506329113924266e+01
2.164762258543833582e+02 1.959241610738255019e+02 1.070390070921985881e+02 6.739837398373983035e+01
9.466270107238605647e+01 6.966543948458352986e+01 1.608110907982937192e+02 2.066068376068376153e+02
5.637671232876712679e+00 3.227164179104477881e+01 9.087500000000000000e+01 1.621201923076923208e+02
1.803492063492063480e+01 4.285249042145593990e+01 8.380818965517241281e+01 1.348815789473684106e+02
5.841705607476635365e+00 2.769298245614034926e+01 6.247196261682243090e+01 1.613913043478260931e+02
5.246328754144954587e+00 3.006144393241168000e+00 5.415789473684210265e+01 1.355116279069767415e+02
2.514220183486238511e+02 2.276186868686868650e+02 1.835675675675675791e+02 9.991954022988505812e+01
2.514292300599354490e+00 5.327864214992927572e+01 1.388542857142857088e+02 9.422709163346613082e+01
1.591713661356266698e+02 1.335912964090079242e+02 1.870609302325581496e+02 9.194583751253760795e+01
1.751808943089430954e+02 1.515603112840466906e+02 1.277331730769230802e+02 2.307142857142857224e+02
2.247050105857445317e+02 1.913046025104602563e+02 1.535598771750255764e+02 1.028119533527696774e+02
1.102444444444444471e+01 1.034728682170542697e+02 5.544268774703557057e+01 2.269078947368421098e+02
1.824520659807284062e+02 1.470999355254674299e+02 1.083919902912621325e+02 4.884701492537313783e+01
1.993709582598471641e+01 4.668662674650698818e+01 9.258333333333332860e+01 1.374877450980392268e+02
6.341964762413240919e+01 8.984497206703910877e+01 3.473854961832061150e+01 1.143076923076923102e+01
1.193924501424501443e+02 1.527050823192555526e+02 8.041208295761947511e+01 4.824081632653061291e+01
6.181037924151696927e+01 3.751860687022900720e+01 9.177066666666667061e+01 1.263292682926829258e+02
1.995275779376498804e+02 2.398644859813084054e+02 1.662102272727272805e+02 8.532352941176471006e+01
2.133826348945494544e+01 6.335517241379310605e+01 9.368292682926829684e+01 1.245828571428571365e+02
9.724444152085251858e+01 6.941917530989121587e+01 1.630897615708274770e+02 2.399772972972972980e+02
9.945347494804894950e+01 3.895838471023427729e+01 1.864095717884131034e+02 1.093782894736842053e+02
1.806331353775300101e+02 1.450987740456493498e+02 1.092693029490616681e+02 5.691938110749185853e+01
1.453236568457539022e+02 9.213579766536965110e+01 1.971050215982721454e+02 4.734404536862003710e+01
1.055856102003643002e+02 1.656013779527559109e+02 1.485388235294117578e+02 5.633288043478260931e+01
3.113152351977533172e+01 8.388359788359788638e+01 1.341292356185973134e+01 1.957599999999999909e+02
1.193420365535247996e+01 5.291735537190082539e+01 1.243185840707964616e+02 2.087517241379310349e+02
1.449611828732542165e+02 1.206789658634538114e+02 6.829527559055118502e+01 2.374351851851851904e+02
4.892413448318960434e+01 1.239438159400025370e+02 7.692584500706850292e+01 2.464556053811659240e+02
2.124042145593869790e+01 7.419702176403207261e+01 1.505864553314121110e+02 2.231255813953488314e+02
5.248009101251422237e+01 1.399058854718981948e+01 9.254719562243502651e+01 1.282134659525631264e+02
4.929366306027820599e+01 2.106193548387096826e+01 1.036811224489795933e+02 1.392378048780487916e+02
4.433628318584070804e+00 2.999871465295629847e+01 5.916617210682492356e+01 1.011727748691099436e+02
1.479918809201623731e+02 1.070930787589498863e+02 5.813840155945418786e+01 1.799879518072289102e+02
2.033301013662406262e+02 1.768403925619834638e+02 1.200684931506849296e+02 2.309569892473118387e+02
6.945352323838081077e+01 2.463051470588235361e+02 1.371532951289398170e+02 2.004205020920502136e+02
1.303138793526238359e+01 4.908240794856808975e+01 1.092521067415730300e+02 1.856868250539956762e+02
1.060029915240152931e+01 2.191415352981494280e+01 6.329931972789115946e+01 1.179661016949152526e+02
1.243446618606247824e+02 7.156519241815048815e+01 3.336890243902438868e+01 1.855060728744939240e+02
1.679794226921977796e+01 1.513651376146789005e+02 7.427976190476189799e+01 2.260123456790123555e+02
2.284716497891957943e+02 1.940071673254281848e+02 1.624622760534948327e+02 1.026808846761453395e+02
2.511263791374122434e+02 1.699300947867298532e+02 1.216882845188284534e+02 6.889560439560439420e+01
2.828654004954583101e+01 5.110769230769231086e+01 7.342436974789916349e+01 1.423283582089552226e+02
1.155178466939730875e+01 2.785374771480804412e+01 9.109688581314878775e+01 1.649754098360655803e+02
1.573745910577971756e+02 1.925693606755126552e+02 7.564598540145985339e+01 5.030446194225721968e+01
2.008538891276321579e+02 1.496300921187308006e+02 2.359414076455877023e+02 8.873526570048309736e+01
6.389265703332350554e+00 2.173333333333333428e+01 6.515555555555555145e+01 1.154255319148936110e+02
1.134680322780881454e+02 2.186927297668038364e+02 1.714962121212121247e+02 5.934972677595628454e+01
1.566437994722955196e+01 6.143980929678188119e+01 1.224448598130841077e+02 1.887623126338329769e+02
2.159003254678600570e+02 2.281183673469387827e+02 1.721500000000000057e+02 1.067011494252873547e+02
1.202725968436154886e+02 8.052748154224774169e+01 1.609984639016897177e+02 4.903903345724906870e+01
4.467766990291261919e+01 2.332760898282694839e+01 1.035354691075514921e+01 1.058275862068965552e+02
5.381807909604519580e+01 2.860315374507227304e+01 1.061136044880785363e+02 1.666333333333333258e+02
1.701599333400666580e+02 1.268485013954617102e+02 9.318894806003181941e+01 2.335132555673382910e+02
1.877941176470588402e+01 4.741899441340782317e+01 1.084252873563218458e+02 1.804499999999999886e+02
1.792720551996057168e+02 2.294423569598633605e+02 1.065612602100350017e+02 3.551216216216216282e+01
1.591992110453649047e+02 1.013423799582463403e+02 2.139760273972602818e+02 3.918784530386740528e+01
1.933728155339805710e+02 1.575236784140969064e+02 1.025737373737373730e+02 3.926694915254237372e+01
3.277213596307176147e+01 6.024031007751938205e+01 1.052648902821316597e+02 1.882871287128712936e+02
2.109645808736717925e+02 2.287862554112554108e+02 1.880412912912912873e+02 1.394264705882353041e+02
9.245833333333332860e+01 2.280756207674943425e+01 4.253571428571428470e+01 7.183393501805053916e+01
1.289878695981804313e+01 6.148659966499162799e+00 8.127350427350427253e+01 1.851999999999999886e+02
1.022634457611668211e+02 6.470552147239263263e+01 3.963157894736841769e+01 1.418787878787878753e+02
1.416442048517520291e+01 5.323017241379310605e+01 1.002246998284734190e+02 1.600911062906724567e+02
3.929380035026269979e+01 8.978355830521185510e+01 4.930972388955582097e+00 1.207606635071090011e+02
1.279561855670103121e+01 2.431375838926174637e+01 1.007206477732793530e+02 2.088716417910447660e+02
3.818821679009109715e+01 9.017491508976225134e+01 1.598700015681354785e+02 2.392327894946279230e+02
2.397454545454545496e+02 1.418751406074240720e+02 7.848953488372093545e+01 2.031871127633209539e+02
2.318355845365626351e+02 1.518860927152317970e+02 3.767119565217391397e+01 8.620826952526799403e+01
5.298802017654476515e+01 7.428969790859798650e+01 1.609674796747967491e+02 2.168518518518518476e+02
1.346759118541033331e+02 1.138181818181818095e+01 9.037285067873303035e+01 1.702139917695473343e+02
1.518951063829787245e+02 1.360994295028524732e+02 9.387837837837837185e+01 2.341481481481481524e+02
2.260551663747810949e+02 2.466463104325699760e+02 1.890737051792828822e+02 6.896226415094339757e+01
1.096529411764705912e+02 8.153478260869565020e+01 1.497453580901856753e+02 4.895531914893616943e+01
1.814691516709511632e+02 1.944537815126050475e+02 1.146075949367088640e+02 5.431818181818182012e+01
8.848550346575240866e+00 2.772011284824262489e+01 6.790936374549819732e+01 1.245964566929133923e+02
1.539555555555555522e+01 5.545195195195195481e+01 1.379623188405797123e+02 2.328493975903614341e+02
1.778494897959183731e+02 2.057136060894386276e+02 1.370508474576271283e+02 3.546594982078853064e+01
1.757796185437839256e+02 2.048528614697911792e+02 1.418725592747559290e+02 8.364843750000000000e+01
2.985672082717873010e+01 6.145820433436532682e+01 1.116931818181818130e+02 1.930138888888888857e+02
1.952982593171167025e+02 1.269193277310924373e+02 6.792771639042356924e+01 2.434593077642656738e+02
1.948750486570650082e+02 1.583976777939042222e+02 2.473254956201014352e+02 6.599110320284697195e+01
2.134248704663212379e+02 1.658889970788704886e+02 3.400200803212851497e+01 9.637581699346405628e+01
8.078432327166504479e+01 4.445168615873736684e+01 1.313937375083277743e+02 2.028313069908814725e+02
2.041261595547309753e+02 2.480928229665071854e+02 2.312997762863534774e+02 1.524341637010676038e+02
5.783579896149701582e+00 2.529510489510489535e+01 7.299691358024691112e+01 1.388222222222222229e+02
1.082687385740402135e+02 5.873289902280130548e+01 1.716446991404011442e+02 2.291982758620689538e+02
5.927971614429331737e+01 8.599614890885750640e+01 1.885806228373702425e+02 2.527052238805970319e+01
6.756717116554844438e+01 1.140012939958592142e+02 1.706854304635761537e+02 2.316629213483145975e+02
5.392090680100755407e+01 1.064433551198257106e+02 2.420950965824665602e+01 2.135353773584905639e+02
3.713980971756821248e+01 8.782692461427771491e+01 1.596275030156815546e+02 2.399456359102244392e+02
2.975158388736801029e+01 1.804426001966340891e+02 1.005932824655894677e+02 2.328560479041916267e+02
3.344319600499375866e+01 7.746830092983938876e+00 1.336122327790973827e+02 8.999256505576208554e+01
1.961137277426766161e+02 1.573636363636363740e+02 1.044968750000000028e+02 5.765853658536585158e+01
2.250330296127562519e+02 1.988543689320388239e+02 1.582095754290876357e+02 2.442060150375939713e+02
2.242727462292347127e+02 1.921523255813953597e+02 1.557581648522550495e+02 9.766371681415928663e+01
1.072173198482933003e+02 4.209472325318702701e+01 1.756601550387596831e+02 6.019923954372623598e+01
1.332214809873248953e+02 2.281394980184940664e+02 1.819396162528216792e+02 6.564442013129102804e+01
2.528697247706422147e+01 1.357354221061792821e+01 5.876363636363636545e+01 8.917204301075268802e+01
1.209971084337349367e+02 1.600701963117192008e+02 2.201479915433403676e+02 8.052034261241969659e+01
1.207403598971722403e+01 4.719444444444444287e+01 1.096923076923076934e+02 2.119696969696969688e+02
4.185101084090243262e+01 1.145645197740113019e+02 1.721151990349819130e+02 2.346481947942905038e+02
6.230178913738019020e+01 8.867561349693251316e+01 1.533425261996690558e+01 1.362571127502634454e+02
