1.267532751091703034e+02 1.257922848664688473e+02 1.245527210884353764e+02 1.304484536082474335e+02
1.331965748324646199e+02 1.376289978678038324e+02 1.364340239912758932e+02 1.416684073107049642e+02
1.283495032144944616e+02 1.285791990436342189e+02 1.309263157894736764e+02 1.338255813953488484e+02
1.404794520547945069e+02 1.428508108108107990e+02 1.383482758620689594e+02 1.421919642857142776e+02
1.336195747159918312e+02 1.310926800472255138e+02 1.335669546436285202e+02 1.326257062146892736e+02
1.276825884984300359e+02 1.328603462957706540e+02 1.303988165680473514e+02 1.311280487804878021e+02
1.309993769470405027e+02 1.304285714285714164e+02 1.360975609756097526e+02 1.298484848484848442e+02
1.300386363636363569e+02 1.267709677419354790e+02 1.485488126649076435e+02 1.302394366197183047e+02
1.286720257234726716e+02 1.317215256008359461e+02 1.302420781134856327e+02 1.349194915254237230e+02
1.287850050366959351e+02 1.313237221494102300e+02 1.323231957518706281e+02 1.347640294388224333e+02
1.294759825327510896e+02 1.299174147217235316e+02 1.295159059474412118e+02 1.801428571428571388e+02
1.328394431554524431e+02 1.332730521801286727e+02 1.402588235294117567e+02 1.303571428571428612e+02
1.391197729076369001e+02 1.416820897143477680e+02 1.371044090630740868e+02 1.313288152610441841e+02
1.338302539039218004e+02 1.310571398169823283e+02 1.344896344789961802e+02 1.380092078339666841e+02
1.258139897045464437e+02 1.258667604719125421e+02 1.283902255639097802e+02 1.296378648233487070e+02
1.370385647216633060e+02 1.392774636510500841e+02 1.285814070351758858e+02 1.344230568596765920e+02
1.266107784431137731e+02 1.274036076662908670e+02 1.262325870646766219e+02 1.258888888888888857e+02
1.297064063453325105e+02 1.333627543457754996e+02 1.420119386014781071e+02 1.399855769230769340e+02
1.372630581867388457e+02 1.401884197056941730e+02 1.322617069486404944e+02 1.351921634014172469e+02
1.225965738758030028e+02 1.177968127490039905e+02 1.419914772727272805e+02 1.504577114427860636e+02
1.251991555628666930e+02 1.306555525678946026e+02 1.261429587482219006e+02 1.231662817551963087e+02
1.255461071231363945e+02 1.271204379562043840e+02 1.315098039215686185e+02 1.218252032520325230e+02
1.395670159955874112e+02 1.398476621417797787e+02 1.440418006430868161e+02 1.335139664804469248e+02
1.280000000000000000e+02 1.280000000000000000e+02 1.280000000000000000e+02 1.280000000000000000e+02
1.288462916517377153e+02 1.270811085685227511e+02 1.272929210740439316e+02 1.290271877655055164e+02
1.263647898493259305e+02 1.293376764386536308e+02 1.290727728983688962e+02 1.269354838709677438e+02
1.292625418060200673e+02 1.287842778793418574e+02 1.289515011547344159e+02 1.272364864864864842e+02
1.249510466988727870e+02 1.233111425873465521e+02 1.267692307692307736e+02 1.283788819875776426e+02
1.266727586929199845e+02 1.266829618979151633e+02 1.292336382828993635e+02 1.360556428795975989e+02
1.351783439490445744e+02 1.374885057471264247e+02 1.444122023809523796e+02 1.525333333333333314e+02
1.265196135153899490e+02 1.262540415704388010e+02 1.292939262472885105e+02 1.317274368231046822e+02
1.262989960347591278e+02 1.319691581604653834e+02 1.314030136331021197e+02 1.282176294820717146e+02
1.342881672265770874e+02 1.439933842987356627e+02 1.367303962316431125e+02 1.429873417721518933e+02
1.280630434782608802e+02 1.362412587412587470e+02 1.268557874762808382e+02 1.316450381679389352e+02
1.292786790780141928e+02 1.342298714612412311e+02 1.280868980963045942e+02 1.495694237085697296e+02
1.280000000000000000e+02 1.280000000000000000e+02 1.280000000000000000e+02 1.280000000000000000e+02
1.319349272349272439e+02 1.336541554959785572e+02 1.309439252336448476e+02 1.337870813397129268e+02
2.034810912283888911e+02 1.511235452103849468e+02 1.402757196162046966e+02 1.753206235517168636e+02
1.283908820840950682e+02 1.290198675496688736e+02 1.350841902313624701e+02 1.373384879725086023e+02
1.280048610245544296e+02 1.279787798408488015e+02 1.279000000000000057e+02 1.277826086956521721e+02
1.277889812889812902e+02 1.285723514211886425e+02 1.270460526315789451e+02 1.285423728813559308e+02
1.224985207100591680e+02 1.251125175808720087e+02 1.371954022988505812e+02 1.405357142857142776e+02
1.265494672754946777e+02 1.293232744783306600e+02 1.288502340093603777e+02 1.592122641509433834e+02
1.220013582762239963e+02 1.273935758030246177e+02 1.200206896551724185e+02 1.348986146095717800e+02
1.082994051553205566e+02 1.158782383419689097e+02 9.599545454545454959e+01 1.202651515151515156e+02
1.305324021861715948e+02 1.285309655442005976e+02 1.319596249810978463e+02 1.278629308936448297e+02
1.266222290640394021e+02 1.266201177100053457e+02 1.275941391941391885e+02 1.275316455696202524e+02
1.282778315585672715e+02 1.269376313945339945e+02 1.237436878347360363e+02 1.265181268882175232e+02
1.273456973293768613e+02 1.276741784037558745e+02 1.285484496124030898e+02 1.331658767772511851e+02
1.323942051086542051e+02 1.306787190082644656e+02 1.270924967658473435e+02 1.444375000000000000e+02
1.267609486201280617e+02 1.269901258082301609e+02 1.276294725193655495e+02 1.261016260162601696e+02
1.279395924308588093e+02 1.253368940016433868e+02 1.226584922797456869e+02 1.230261282660332540e+02
1.237431048069345962e+02 1.238013698630137043e+02 1.257920000000000016e+02 1.274273504273504329e+02
1.273319817536746115e+02 1.272138084632516666e+02 1.274010025062656695e+02 1.277923322683706004e+02
1.274208148362184403e+02 1.274896815286624161e+02 1.314549917035398323e+02 1.356074344649763646e+02
1.273772772033481004e+02 1.257945187284158379e+02 1.283985640207419294e+02 1.244317189168203441e+02
1.269820811065702628e+02 1.263084367245657518e+02 1.296347687400318875e+02 1.339035639412997796e+02
1.281798561151079241e+02 1.280134228187919518e+02 1.284651972157772661e+02 1.300972972972973025e+02
1.280000000000000000e+02 1.280000000000000000e+02 1.280000000000000000e+02 1.280000000000000000e+02
1.283810180541624959e+02 1.283713318284424361e+02 1.283097178683385664e+02 1.280906131307650639e+02
1.264992867332382360e+02 1.284635071090047518e+02 1.359594594594594525e+02 1.307575757575757507e+02
1.246250933532486869e+02 1.182153846153846217e+02 1.218290155440414537e+02 1.263144876325088291e+02
1.257915287888815357e+02 1.260114285714285671e+02 1.244884615384615358e+02 1.348626373626373720e+02
1.318038869257950410e+02 1.323879797679262253e+02 1.274755332496863218e+02 1.153371647509578537e+02
1.280000000000000000e+02 1.280000000000000000e+02 1.280000000000000000e+02 1.280000000000000000e+02
1.209522862823061615e+02 1.224311926605504652e+02 1.210670391061452449e+02 1.191726190476190510e+02
1.451663147435101280e+02 1.394874220165023075e+02 1.441379877762106219e+02 1.380327466230044990e+02
1.279998749270407785e+02 1.283244680851063890e+02 1.288256307769173077e+02 1.310586370839936592e+02
1.203474952441344357e+02 1.220195023537323493e+02 1.240452079566003647e+02 1.206818596171376470e+02
1.283681260010677931e+02 1.250043243243243296e+02 1.271769815418023910e+02 1.256907894736842053e+02
1.279924812030075145e+02 1.286427546628407583e+02 1.306612903225806406e+02 1.296666666666666572e+02
1.279067755886593005e+02 1.270140268848626590e+02 1.230967311541027414e+02 1.249910514541386988e+02
1.266040249433106624e+02 1.273988505747126396e+02 1.245637583892617499e+02 1.248885941644562365e+02
1.335933497961293313e+02 1.350448528466777987e+02 1.586542408376963351e+02 1.316099767981438617e+02
1.288233515692485014e+02 1.343500581037664858e+02 1.279411013858497483e+02 1.378628279453670018e+02
1.276074372365192175e+02 1.300231458842705763e+02 1.299215753424657578e+02 1.287304241435562915e+02
1.244895572263993273e+02 1.260123839009287963e+02 1.215594855305466240e+02 1.213037249283667620e+02
1.299418121363258649e+02 1.271801242236024905e+02 1.283455953533397746e+02 1.283325581395348820e+02
1.306628379324835407e+02 1.334634209841187271e+02 1.390366186209583077e+02 1.278820224719101191e+02
1.251823463963407050e+02 1.272434972677595653e+02 1.242356215213358013e+02 1.282798025816248924e+02
1.249697580645161281e+02 1.187420634920634939e+02 1.284542743538767411e+02 1.153186046511627865e+02
1.270224411603721961e+02 1.254963768115942031e+02 1.210530303030302974e+02 1.175588235294117680e+02
1.242485533204739596e+02 1.229056966897613563e+02 1.188365384615384670e+02 1.129634146341463463e+02
1.261434699714013306e+02 1.255822660098522192e+02 1.245697399527186775e+02 1.288963414634146432e+02
1.290833142647933869e+02 1.310939617991373893e+02 1.314045861473221350e+02 1.348454340109712746e+02
1.217365263523228691e+02 1.257410345175276376e+02 1.279683062681415180e+02 1.012263014763014723e+02
1.255979905345643601e+02 1.270885586924219979e+02 1.326207130730051063e+02 1.233871733966745836e+02
1.279361923088671062e+02 1.265444067796610170e+02 1.273193449334698073e+02 1.239046087888531673e+02
1.280156787762906276e+02 1.308861480075901227e+02 1.279376971608832747e+02 1.320468085106383000e+02
1.280415038299202877e+02 1.314599786552828107e+02 1.304115138592750611e+02 1.390077319587628892e+02
1.298894117647058692e+02 1.294339360222531354e+02 1.346639209225700142e+02 1.308026315789473699e+02
1.233852739726027465e+02 1.249055575735561234e+02 1.268258426966292092e+02 1.231246819338422398e+02
1.282431942745843969e+02 1.304029167858164158e+02 1.315050437121721529e+02 1.328988439306358487e+02
1.298791145608739441e+02 1.295375260597637350e+02 1.285457264957264840e+02 1.277924281984334272e+02
1.297934686672550697e+02 1.295001281722635156e+02 1.295812769291030122e+02 1.262368703108252959e+02
1.280019437588715903e+02 1.280070302021183011e+02 1.279978906999041186e+02 1.466500813764240831e+02
1.278460262939713346e+02 1.375417956656346803e+02 1.304464285714285836e+02 1.411682242990654288e+02
1.281588818117480457e+02 1.280351112302331842e+02 1.293591591591591623e+02 1.312574257425742701e+02
1.282519006588950958e+02 1.279923761118170233e+02 1.323854827343199361e+02 1.406621004566210047e+02
1.274866468842730001e+02 1.273501416430594873e+02 1.273887409661468268e+02 1.248819776714513523e+02
1.271131570137261519e+02 1.308592154755507693e+02 1.263636363636363598e+02 1.393574218750000000e+02
1.312626227208976104e+02 1.315922746781115791e+02 1.317642857142857054e+02 1.509357798165137581e+02
1.311108228851419426e+02 1.305669506999391274e+02 1.374888111888111837e+02 1.014493964716806005e+02
1.282753787878787932e+02 1.350097130735737494e+02 1.308000494315373317e+02 1.380795309711955099e+02
1.290886293369975988e+02 1.297621861152141776e+02 1.306364329268292579e+02 1.299284116331096186e+02
1.234322654462242497e+02 1.205959079283887405e+02 1.209949916527545923e+02 1.207788161993769478e+02
1.286684426229508063e+02 1.383577586206896513e+02 1.364120603015075517e+02 1.383793103448275872e+02
1.268840091813312938e+02 1.295028552233792425e+02 1.333966861598440516e+02 1.275485961123110172e+02
1.275158585490339078e+02 1.318126520681265106e+02 1.244745762711864359e+02 1.259705882352941160e+02
1.311454940282301891e+02 1.306447105788423073e+02 1.286486486486486456e+02 1.270400000000000063e+02
1.322005208333333428e+02 1.327960608327100545e+02 1.276158134820070984e+02 1.252809295967190764e+02
1.306073304978733916e+02 1.272712886209495053e+02 1.251358844201483862e+02 1.276389157792836357e+02
1.293472124206069225e+02 1.275680321872713989e+02 1.238425644916540165e+02 1.232581322140608648e+02
1.280244023904382402e+02 1.266043190525949171e+02 1.220220067139127167e+02 1.273961748633879836e+02
1.287644063874103324e+02 1.305819793205317580e+02 1.234897288414133101e+02 1.302406639004149440e+02
1.374701781564678527e+02 1.336838219784855539e+02 1.372627653471026861e+02 1.305773881499395372e+02
1.325764167143674968e+02 1.378522004578987605e+02 1.360554347826086996e+02 1.296626736942980358e+02
1.355282935455349218e+02 1.312512432432432377e+02 1.329593253968253919e+02 1.290015479876161066e+02
1.361720610430991201e+02 1.329664015904572523e+02 1.364552435805135531e+02 1.280489795918367406e+02
1.321148553777028951e+02 1.359185159500693487e+02 1.367444652908067440e+02 1.279353951890034296e+02
1.272213709677419331e+02 1.285944811037792306e+02 1.301584507042253449e+02 1.275722543352601122e+02
1.269706307173808426e+02 1.267696460707858392e+02 1.261171052631578959e+02 1.261538461538461604e+02
1.278396546407647207e+02 1.335929648241205996e+02 1.287113402061855538e+02 1.287586206896551744e+02
1.261772256047391778e+02 1.261317608784058564e+02 1.286118355065195544e+02 1.261779538904899169e+02
1.323568671963677730e+02 1.309468112574231782e+02 1.332323279924599433e+02 1.287592014971927767e+02
1.320707009459131598e+02 1.318108896451142300e+02 1.306951833213515499e+02 1.278479638009049779e+02
1.252106171773845489e+02 1.240823129251700720e+02 1.279320754716981128e+02 1.268448637316561900e+02
1.273299241174529897e+02 1.277700135685210370e+02 1.265651697699890406e+02 1.280625000000000000e+02
1.298789237668161434e+02 1.346271072151045303e+02 1.272659574468085140e+02 1.420735930735930594e+02
1.245819826611383405e+02 1.258361839604713026e+02 1.249866156787762890e+02 1.263021868787276389e+02
1.256224266316250606e+02 1.198911174785100258e+02 1.188924731182795682e+02 1.338269230769230660e+02
1.278212754555198245e+02 1.278426010331206299e+02 1.300640705608254279e+02 1.296990768021999543e+02
1.290332918183560196e+02 1.238031624863685920e+02 1.391307740324594135e+02 1.729565903709550128e+02
1.440712309820193582e+02 1.438708229426434002e+02 1.377307958477508691e+02 1.332826086956521863e+02
1.236009026434558393e+02 1.213617571059431555e+02 1.149536878216123483e+02 1.100714285714285694e+02
1.192478546188793587e+02 1.127607223476297946e+02 1.104892601431980950e+02 1.197028301886792434e+02
1.273628144654088032e+02 1.258899036022323656e+02 1.312650103519668789e+02 1.271666666666666714e+02
1.263749522092959694e+02 1.267475297438999746e+02 1.278416252072968433e+02 1.305885328836425003e+02
1.288063186813186860e+02 1.297992495309568426e+02 1.373373253493014090e+02 1.130396039603960361e+02
1.300894736842105317e+02 1.314134146341463349e+02 1.450159744408945812e+02 1.049477124183006538e+02
1.277351642962236440e+02 1.273158551810237213e+02 1.266094674556212993e+02 1.277999999999999972e+02
1.279845456072568481e+02 1.279474708171206174e+02 1.283777777777777658e+02 1.289621212121212182e+02
1.229074209372716808e+02 1.370875145857642963e+02 1.448884414015304003e+02 1.404771410173857191e+02
1.283006739243131449e+02 1.449173166926676970e+02 1.507788649706457988e+02 1.474190751445086676e+02
1.311843837003290218e+02 1.317299546142208726e+02 1.308513189448441381e+02 1.297559153175591575e+02
1.284212034383954233e+02 1.281222929936305661e+02 1.280050377833753146e+02 1.277668161434977634e+02
1.317675675675675677e+02 1.285808903365906701e+02 1.312918781725888380e+02 1.303461538461538396e+02
1.279343802579921459e+02 1.279460169834209466e+02 1.279684589331075415e+02 1.280487804878048905e+02
1.277992619100872247e+02 1.268566640886826491e+02 1.273195312499999972e+02 1.273470149253731307e+02
1.356181676716592222e+02 1.369039911308204012e+02 1.285908196721311469e+02 1.311687587168758853e+02
1.323770651117589807e+02 1.329310130515848414e+02 1.285619658119658197e+02 1.201326530612244881e+02
1.268481641186462809e+02 1.267278225806451672e+02 1.259442028985507278e+02 1.261945392491467572e+02
1.279448784722222285e+02 1.325425790754257775e+02 1.316921768707483125e+02 1.309724489795918316e+02
1.291517646330571267e+02 1.326669063598593823e+02 1.231729262529536157e+02 1.326921861836562755e+02
1.350559552358113535e+02 1.365173267326732400e+02 1.366934306569343107e+02 1.361951219512195053e+02
1.320796350062214799e+02 1.300785973397823341e+02 1.311296296296296191e+02 1.324729729729729684e+02
1.272329246935201468e+02 1.224908759124087538e+02 1.180925110132158551e+02 1.188092643051771091e+02
1.365478933249171405e+02 1.381029527044682652e+02 1.331484194294525878e+02 1.386638269986893874e+02
1.283505765035836816e+02 1.313480249480249427e+02 1.263862111043319061e+02 1.539530386740331380e+02
1.280391734825656442e+02 1.349044762344254593e+02 1.590676532769556104e+02 1.451580817051509769e+02
1.386276651612225521e+02 1.416920289855072497e+02 1.355950746871215244e+02 1.353316083626578461e+02
1.328998462552163460e+02 1.332997292562509983e+02 1.310162393637728826e+02 1.403975903614457934e+02
1.360275103163686481e+02 1.312542372881355845e+02 1.349506329113924039e+02 1.336636363636363569e+02
1.365525441743058366e+02 1.443060946186929527e+02 1.340258154059680749e+02 1.197383309759547387e+02
1.299979999999999905e+02 1.312809187279152070e+02 1.313185078909612571e+02 1.320993690851734925e+02
1.320826240964241549e+02 1.280619899973677036e+02 1.375242683797287668e+02 1.435612506406970681e+02
1.295145704237146447e+02 1.329366073175503686e+02 1.343020152505446561e+02 1.325254716981131935e+02
1.351769023205612541e+02 1.387820838627700084e+02 1.303102348506813541e+02 1.345455729166666572e+02
1.285882658359293771e+02 1.285115774240231588e+02 1.301979695431471953e+02 1.269629101283880175e+02
1.361326918207141148e+02 1.306133207496292243e+02 1.274673131060369116e+02 1.384493758668515966e+02
1.276805664830841920e+02 1.380763030628694139e+02 1.403042769857433711e+02 1.295885466794995295e+02
1.281735797129938987e+02 1.300270205643232941e+02 1.333534090909090821e+02 1.341928571428571502e+02
1.250188749074759471e+02 1.238240016054585624e+02 1.267877079978529196e+02 1.240501253132832034e+02
1.259923566878980949e+02 1.249943741209563939e+02 1.256091549295774712e+02 1.232452025586353983e+02
1.281211521547933216e+02 1.220090090090090058e+02 1.272041884816753878e+02 1.237096774193548328e+02
1.284126611957796058e+02 1.282064989517819811e+02 1.324921763869132292e+02 1.263985507246376869e+02
1.295191392115787608e+02 1.276404494382022534e+02 1.464818181818181699e+02 1.450307692307692378e+02
1.284385350318471239e+02 1.301501877346683216e+02 1.307702205882353041e+02 1.318218923933209510e+02
1.805885630887621005e+02 1.630745079096727466e+02 1.027782373074729065e+02 1.170135790494665429e+02
1.300449494949494920e+02 1.307997251803504071e+02 1.319720457433290903e+02 1.173796033994334209e+02
1.246726296958855045e+02 1.319711017459362097e+02 1.322116234996841513e+02 1.275525727069351234e+02
1.292742209631728088e+02 1.275279411764705912e+02 1.235122549019607874e+02 1.273421052631578902e+02
1.281412017167382089e+02 1.293693864642631297e+02 1.284195945945945994e+02 1.281325842696629138e+02
1.320666550340254730e+02 1.323182674199623250e+02 1.285072247135027510e+02 1.274966711051930730e+02
1.268388564002599139e+02 1.253028901734104039e+02 1.313944687045123771e+02 1.283892617449664328e+02
1.255772314270443673e+02 1.252513550135501390e+02 1.245574940523394076e+02 1.235260869565217376e+02
1.278286761337608795e+02 1.273512461059190031e+02 1.327176325524044387e+02 1.298197183098591552e+02
1.283346246973365510e+02 1.279470198675496704e+02 1.292539893617021391e+02 1.279583333333333286e+02
1.230829053558327217e+02 9.975161290322580498e+01 1.277008928571428612e+02 1.344679802955664911e+02
1.274117997616209834e+02 1.270622683469236449e+02 1.292314285714285802e+02 1.312631578947368496e+02
1.322486583184257540e+02 1.344116766467065816e+02 1.336956521739130324e+02 1.335337620578778228e+02
1.292616448326055263e+02 1.268170926517571928e+02 1.259154929577464799e+02 1.289285714285714164e+02
1.271491403438624559e+02 1.277961864406779711e+02 1.233976311336717373e+02 1.256615384615384556e+02
1.360644132653061149e+02 1.381935763888888857e+02 1.303227848101265920e+02 1.255448717948717956e+02
1.400422526309136231e+02 1.429260243179728320e+02 1.364140424317381814e+02 1.340743321718931611e+02
1.310485210171250685e+02 1.310828614008941884e+02 1.384252491694352045e+02 1.403483146067415817e+02
1.230869158878504663e+02 1.276244952893674309e+02 1.276533996683250365e+02 1.317062500000000114e+02
1.238665755919854234e+02 1.296243902439024396e+02 1.232756410256410220e+02 1.433000000000000114e+02
1.932345000784806075e+02 1.453642533936651660e+02 1.148810126582278457e+02 1.573699186991869965e+02
1.366024413595021656e+02 1.379774104683195617e+02 1.331053307642903007e+02 1.395625000000000000e+02
1.336530631613913442e+02 1.351598759221998591e+02 1.317120652070893811e+02 1.406076578816509084e+02
1.303681986991805957e+02 1.306372129393365640e+02 1.351924712134632500e+02 1.463107207752877059e+02
1.266917358563429303e+02 1.258611954924056846e+02 1.261458018414181623e+02 1.254837282780410703e+02
1.271898777173912976e+02 1.300176444640493969e+02 1.308050058207217603e+02 1.261599378881987548e+02
1.307322888283378859e+02 1.402791762013729908e+02 1.527154471544715477e+02 1.522344827586206861e+02
1.281512043512043419e+02 1.287874794069192887e+02 1.295887487875848763e+02 1.297246175243393509e+02
1.260167812929848736e+02 1.233187532739654273e+02 1.215868606701939996e+02 1.221731051344743264e+02
1.290367462311557745e+02 1.298564036222509799e+02 1.292222222222222285e+02 1.291999999999999886e+02
1.276346451470263048e+02 1.283551840926472210e+02 1.273169014084507040e+02 1.280427384250099010e+02
1.064679012345679041e+02 1.317742268041237139e+02 9.503955696202531556e+01 1.542307692307692264e+02
1.272742523705324516e+02 1.275420000000000016e+02 1.275510204081632679e+02 1.276896551724137936e+02
1.244248698735914900e+02 1.245046564667870399e+02 1.219172066234701219e+02 1.296684118673647390e+02
1.246295273333680740e+02 1.225980636434825897e+02 1.254713883677298298e+02 1.287007672634271103e+02
1.292648376259798511e+02 1.300844469718510084e+02 1.275177443609022561e+02 1.226718181818181819e+02
1.340650060753341393e+02 1.382528735632184009e+02 1.359520547945205351e+02 1.426329588014981198e+02
1.270939468346322201e+02 1.277406573018817966e+02 1.259907644946126197e+02 1.254782608695652186e+02
1.396109027256814272e+02 1.380889106008793306e+02 1.275227467811158846e+02 1.135039370078740149e+02
1.338336473247927643e+02 1.305644800000000032e+02 1.374022403258655913e+02 1.327126148705096114e+02
1.286002419633598208e+02 1.346753926701570663e+02 1.379315068493150704e+02 1.233168316831683171e+02
1.296440632894561986e+02 1.410977198697068502e+02 1.334379084967320352e+02 1.464754098360655803e+02
1.289322751322751230e+02 1.293345935727788287e+02 1.343000000000000114e+02 1.266315789473684248e+02
1.229561843168957154e+02 1.347421665174574628e+02 1.242771903323262848e+02 1.340933333333333337e+02
1.246237623762376217e+02 1.221111111111111143e+02 1.413451882845188265e+02 1.231877551020408106e+02
1.265747561880871359e+02 1.262429832948984796e+02 1.289560576873014952e+02 1.291574781659388407e+02
1.279400749063670446e+02 1.338326885880077270e+02 1.306875675675675552e+02 1.300014792899408178e+02
1.650206297502714392e+02 1.693639782699540319e+02 1.451056701030927911e+02 1.534727085478887716e+02
1.282274818401937182e+02 1.291649196366177534e+02 1.284795918367346985e+02 1.349209302325581348e+02
1.238412235979606635e+02 1.274474074074074110e+02 1.237249190938511276e+02 1.298442028985507193e+02
1.284086339444116049e+02 1.285917394757744319e+02 1.287595907928388783e+02 1.286211604095563246e+02
1.331486761710794156e+02 1.287074391988554964e+02 1.386329297820823285e+02 1.378112911657082975e+02
1.344007633587786188e+02 1.366689497716895119e+02 1.315272727272727309e+02 1.416827956989247355e+02
1.271761968085106389e+02 1.281706387035271746e+02 1.312186098654708530e+02 1.272840909090909065e+02
1.270336134453781511e+02 1.277042682926829258e+02 1.305286396181384134e+02 1.266334841628959254e+02
1.291165907263468284e+02 1.278102507169950997e+02 1.346288129364204451e+02 1.275342574257425809e+02
1.346441303011677917e+02 1.362153110047846951e+02 1.337994955863808286e+02 1.414449152542372872e+02
1.429405722670579735e+02 1.500031595576619168e+02 1.425538461538461661e+02 1.557741935483871032e+02
1.298979264873524926e+02 1.297304757204146028e+02 1.277934367541766107e+02 1.343525579150579290e+02
1.351819322459222121e+02 1.354651282051281953e+02 1.321404358353510986e+02 1.332713178294573595e+02
1.333574193548386972e+02 1.388197573656845805e+02 1.490911901081916540e+02 1.564324324324324209e+02
1.293927583936800545e+02 1.279878597122302182e+02 1.292575503355704711e+02 1.293017077798861578e+02
1.276760545267489704e+02 1.288790655061841619e+02 1.313249258160237503e+02 1.291460928652321627e+02
1.292975305363781331e+02 1.285509656652360491e+02 1.261502946954813353e+02 1.283944636678200766e+02
1.271183074265975819e+02 1.294402366863905343e+02 1.293333333333333428e+02 1.269257142857142924e+02
1.284515017232890273e+02 1.365000000000000000e+02 1.479921259842519703e+02 1.528873239436619826e+02
1.377574373198455362e+02 1.353690692509590008e+02 1.334394634916080804e+02 1.337663075416258494e+02
1.292726192757233150e+02 1.364328325554259038e+02 1.342151335311572780e+02 1.387074324324324266e+02
1.281763893249607520e+02 1.302244230419771043e+02 1.334300052826201863e+02 1.365514933058702240e+02
1.281824381926683714e+02 1.301298722978048659e+02 1.338103448275862206e+02 1.338182701652089293e+02
1.281968876860622402e+02 1.284367176634214047e+02 1.301079136690647431e+02 1.406277372262773611e+02
1.218854507587027740e+02 1.207436352871521592e+02 1.235825825825825888e+02 1.209504950495049513e+02
1.246514921598381420e+02 1.241257861635220081e+02 1.274552683896620238e+02 1.269272030651340941e+02
1.243680664720413205e+02 1.272688499619192726e+02 1.261619812583667937e+02 1.285077881619937727e+02
1.217903442109968779e+02 1.231540616246498558e+02 1.254816941852117793e+02 1.262504537205081618e+02
1.251139146567717972e+02 1.281327980234712811e+02 1.251775362318840621e+02 1.253417721518987378e+02
1.228947794415216492e+02 1.230147232037691367e+02 1.247903563941299723e+02 1.262421972534332042e+02
1.245201351000259820e+02 1.274075268817204289e+02 1.250088050314465420e+02 1.253922829581993597e+02
1.243383973786118588e+02 1.276991803278688593e+02 1.244526558891454897e+02 1.378442622950819612e+02
1.251056375131717573e+02 1.270101335789958483e+02 1.324316546762590008e+02 1.254375000000000000e+02
1.220367239871757477e+02 1.224651051625238978e+02 1.256910229645094006e+02 1.373750000000000000e+02
1.262949597375484672e+02 1.272811085972850691e+02 1.305810218978102171e+02 1.347583682008368271e+02
1.267473293079424081e+02 1.249617400419287208e+02 1.262392241379310320e+02 1.262012048192771090e+02
1.258337000943099611e+02 1.271306690615177359e+02 1.252332332332332356e+02 1.249310710498409378e+02
1.294182194616977313e+02 1.297438540840602741e+02 1.296498993963782596e+02 1.324698795180722755e+02
1.276264232157734142e+02 1.287113322587427149e+02 1.267479510703363985e+02 1.138687061822817128e+02
1.308008565310492486e+02 1.280774193548386961e+02 1.299427516158818037e+02 1.301367088607594837e+02
1.287638683221323674e+02 1.255250519210799638e+02 1.291572265625000000e+02 1.386085761407366590e+02
1.848155857214680680e+02 1.388375706214689274e+02 1.786530479896238717e+02 1.566615384615384698e+02
1.260986807387862854e+02 1.270414971521562251e+02 1.232454337899543333e+02 1.150526315789473699e+02
1.256046099290780091e+02 1.255558974358974353e+02 1.269019354838709717e+02 1.256264591439688729e+02
1.284344703770197498e+02 1.285496932515337676e+02 1.324324324324324209e+02 1.264653465346534631e+02
1.473546927323739624e+02 1.360798795607509817e+02 1.257385826771653541e+02 1.325311004784688862e+02
1.243592128207257304e+02 1.279954471544715489e+02 1.318192322027581156e+02 1.265464159811985922e+02
1.252406725744149014e+02 1.202524487978628684e+02 1.141926541926541887e+02 1.093668095529699968e+02
1.288753917512849512e+02 1.295200539265251223e+02 1.232741087083576872e+02 1.357976190476190368e+02
1.280426280797809966e+02 1.303950216450216431e+02 1.296132208157524701e+02 1.287914438502673704e+02
1.331443452380952408e+02 1.335275938189845419e+02 1.263863636363636402e+02 1.263818181818181756e+02
1.292360752056404181e+02 1.274267655281390574e+02 1.319007171117705184e+02 1.266600877192982466e+02
1.256217864205669059e+02 1.326916876574307196e+02 1.304250363901018943e+02 1.328332097850259572e+02
1.330788674439110366e+02 1.318314377864539324e+02 1.325065437788018414e+02 1.346038365304420381e+02
1.316640136441159825e+02 1.329118801284338076e+02 1.335503003003003073e+02 1.327780517879161550e+02
1.290189830508474529e+02 1.297820324005890882e+02 1.317972027972028002e+02 1.410000000000000000e+02
1.316575456053068081e+02 1.277225130890052327e+02 1.332971311475409948e+02 1.225045454545454504e+02
1.356771154227242562e+02 1.416972029947732779e+02 1.372573312754314543e+02 1.266267716535433010e+02
1.267478184991274048e+02 1.266535796766743687e+02 1.276091269841269877e+02 1.239360730593607371e+02
1.274191220685508057e+02 1.274195348837209281e+02 1.285190114068441005e+02 1.308100775193798313e+02
1.292080907140667989e+02 1.284354940213971190e+02 1.283297491039426461e+02 1.281416893732969982e+02
1.305652520422394787e+02 1.331985355648535574e+02 1.324086642599277752e+02 1.287622789783889914e+02
1.225605839416058416e+02 1.228881431767337773e+02 1.255227272727272663e+02 1.312960526315789593e+02
1.314642184557438895e+02 1.260861478218306360e+02 1.364644033443121316e+02 1.325238095238095184e+02
1.291638013371537852e+02 1.255603822762815014e+02 1.482484881803188443e+02 1.319785360484314936e+02
1.312087227414330357e+02 1.308555900621117871e+02 1.416071428571428612e+02 1.316993006993006929e+02
1.247541943035505199e+02 1.258510869565217405e+02 1.251813880126182994e+02 1.223333333333333286e+02
1.428016574585635396e+02 1.387142857142857224e+02 1.468256735340729051e+02 1.302851170568561940e+02
1.289554848966613747e+02 1.292923976608187218e+02 1.313996247654784213e+02 1.267278911564625901e+02
1.256024464831804295e+02 1.258895061728395035e+02 1.262127139364303190e+02 1.267240051347881860e+02
1.271632352941176407e+02 1.269994232987312586e+02 1.272216461438755601e+02 1.276765498652291058e+02
1.265613477431659248e+02 1.242049356223175920e+02 1.266654804270462620e+02 1.243529411764705941e+02
1.254561583077448006e+02 1.250657462195923699e+02 1.260717846460618148e+02 1.257326892109500847e+02
1.274047619047618980e+02 1.243925170068027199e+02 1.298236151603498456e+02 1.281569343065693545e+02
1.257981991525423666e+02 1.269131607335490770e+02 1.272222222222222285e+02 1.295962441314553928e+02
1.225836459114778734e+02 1.209712609970674464e+02 1.235166144200626945e+02 1.233251703577512757e+02
1.316873143826898627e+02 1.304844036697247702e+02 1.327212205270457730e+02 1.242882096069868965e+02
1.287165838656257506e+02 1.312592842673869029e+02 1.240572519083969496e+02 1.345105633802816953e+02
1.295300976993381710e+02 1.298820043103448256e+02 1.285234899328858944e+02 1.256977329974811113e+02
1.306420940170940241e+02 1.320860624523990907e+02 1.331887640449438095e+02 1.264707379134860048e+02
1.313159122725151633e+02 1.275212543554006999e+02 1.277782846715328446e+02 1.317433862433862544e+02
1.368111663256357815e+02 1.366117705242334353e+02 1.374136029411764639e+02 1.349538461538461434e+02
1.332489984591679502e+02 1.330248036378668814e+02 1.352234636871508258e+02 1.360434782608695627e+02
1.341153846153846132e+02 1.342973659155823611e+02 1.319815668202764982e+02 1.338301886792452819e+02
1.292110389610389518e+02 1.304016064257028233e+02 1.250709413369713445e+02 1.298581871345029128e+02
1.330127582017011036e+02 1.345947653429603008e+02 1.337052186177715214e+02 1.246217008797653989e+02
1.291675689610724476e+02 1.316170578133943820e+02 1.270932203389830448e+02 1.228080357142857082e+02
1.291879971077368054e+02 1.274227642276422756e+02 1.307880794701986815e+02 1.270240963855421654e+02
1.318022335312411712e+02 1.311028985507246318e+02 1.289976399190829284e+02 1.282570573139435339e+02
1.307235436956578383e+02 1.350222211913156514e+02 1.358430646539447366e+02 1.332096774193548470e+02
1.325816485225505517e+02 1.302527173913043441e+02 1.314495114006514598e+02 1.334810810810810722e+02
1.278832031976203751e+02 1.260363636363636317e+02 1.271526104417670666e+02 1.274761904761904816e+02
1.226984653670676124e+02 1.245826149425287355e+02 1.266045723962743494e+02 1.222738095238095184e+02
1.285791386516445698e+02 1.304180213655364469e+02 1.299443946188340817e+02 1.291855468750000000e+02
1.274982128127577710e+02 1.262245657568238215e+02 1.255300436388049690e+02 1.252722358722358678e+02
1.242756968641114952e+02 1.263224299065420553e+02 1.244122621564482074e+02 1.233551587301587347e+02
1.236910638297872396e+02 1.262197558268590427e+02 1.235325034578146557e+02 1.221488888888888908e+02
1.262350710900473985e+02 1.255326086956521721e+02 1.243574958813838549e+02 1.235256410256410220e+02
1.276730225988700624e+02 1.297053726169843912e+02 1.296698795180722925e+02 1.269454545454545524e+02
1.293448559670781890e+02 1.286705882352941046e+02 1.281166032953105116e+02 1.264108391608391599e+02
1.285358764759309622e+02 1.265804066543438040e+02 1.284288724973656599e+02 1.262370370370370409e+02
1.296689113355780023e+02 1.308831385642737928e+02 1.308732240437158509e+02 1.269365798414495998e+02
1.300355450236966703e+02 1.316701754385964875e+02 1.295013550135501248e+02 1.280675675675675791e+02
1.298873245118605837e+02 1.323980341950937429e+02 1.314166166766646597e+02 1.314019701302828196e+02
1.353796208530805814e+02 1.432393509127789173e+02 1.450971428571428703e+02 1.439452054794520564e+02
1.287067745197168733e+02 1.322895086321381086e+02 1.265253378378378386e+02 1.287315789473684333e+02
1.281680455015511768e+02 1.284241348713398452e+02 1.286023529411764628e+02 1.371450000000000102e+02
1.280254777070063597e+02 1.280792079207920722e+02 1.280998278829604260e+02 1.279244444444444468e+02
1.273937586048646153e+02 1.273237704918032733e+02 1.278083333333333371e+02 1.242236842105263150e+02
1.269567183462532256e+02 1.255486909022414750e+02 1.257620020429009173e+02 1.256397905759162370e+02
1.271908471275559833e+02 1.288199291856348054e+02 1.274510364546104313e+02 1.245387755102040757e+02
1.274585635359116083e+02 1.263815580286168512e+02 1.246940874035989708e+02 1.247467362924281957e+02
1.255679414157851852e+02 1.254591397849462311e+02 1.254667418263810532e+02 1.248065967016491697e+02
1.631627155172413666e+02 1.635956521739130380e+02 1.549207317073170600e+02 1.526521739130434696e+02
1.276677053579156933e+02 1.294882519580069982e+02 1.484642233856893654e+02 1.322463054187192029e+02
1.397299771167048164e+02 1.438300198807156960e+02 1.408539616778870993e+02 1.449322328410078171e+02
1.292647890069194148e+02 1.358339973439574919e+02 1.385788454087563082e+02 1.416775119617225016e+02
1.290616923718215787e+02 1.383363817097415449e+02 1.441988434163700958e+02 1.452837209302325618e+02
1.335716580976863668e+02 1.386462556888704967e+02 1.360021691973969666e+02 1.324003843689942244e+02
1.279982737361282403e+02 1.282603238866396680e+02 1.231863799283154179e+02 1.314808259587020700e+02
1.297496004262120266e+02 1.141033163265306172e+02 1.276016949152542423e+02 1.170077160493827222e+02
1.280375507442489891e+02 1.315550329256820419e+02 1.255114754098360663e+02 1.281223404255319167e+02
1.272268557130942384e+02 1.388363892806769968e+02 1.482793752218672410e+02 1.456710037174721322e+02
1.282108641975308672e+02 1.284521337946943618e+02 1.304565217391304373e+02 1.230645161290322562e+02
1.312311111111111188e+02 1.293031203566121974e+02 1.260299401197604823e+02 1.287590909090909008e+02
1.262262895174708888e+02 1.276973929236499004e+02 1.291869565217391198e+02 1.260181200453001082e+02
1.466676526084960983e+02 1.309980203426854928e+02 1.392013678469396609e+02 1.450509560944343548e+02
1.247897435897435940e+02 1.272158054711246251e+02 1.302897727272727195e+02 1.328627450980392268e+02
1.276523620773337626e+02 1.295385567739653254e+02 1.283134518778406914e+02 1.284597381342062192e+02
1.280800881704628864e+02 1.309142394822006565e+02 1.300036231884058111e+02 1.281947261663285929e+02
1.282006400627000176e+02 1.280181978081450325e+02 1.294358890701468283e+02 1.282123834886817519e+02
1.482691744015632764e+02 1.506404303510758780e+02 1.646557788944723484e+02 1.218333333333333286e+02
1.280000000000000000e+02 1.280000000000000000e+02 1.280000000000000000e+02 1.280000000000000000e+02
1.251873963515754582e+02 1.307877300613496914e+02 1.266803995006242189e+02 1.126037735849056673e+02
1.270725985563575762e+02 1.280469958358120266e+02 1.252855450236966846e+02 1.254357298474945566e+02
1.282797529288945668e+02 1.350116439935439132e+02 1.308591073582629747e+02 1.380567216391804095e+02
1.259240982115792633e+02 1.284074201305393217e+02 1.315360437307823815e+02 1.277938359017076237e+02
1.298963363863447000e+02 1.264177396280400529e+02 1.339667170953101447e+02 1.390304878048780495e+02
1.279609690444145400e+02 1.281711267605633680e+02 1.302443991853360501e+02 1.274225352112676006e+02
1.317549331635900671e+02 1.353247208931419436e+02 1.346389177939646231e+02 1.337531645569620196e+02
1.357226890756302566e+02 1.354152249134947965e+02 1.339752066115702576e+02 1.294819277108433653e+02
1.297694838577010046e+02 1.287230405049973569e+02 1.276511444356748228e+02 1.311855421686746865e+02
1.265342465753424648e+02 1.267762430939226590e+02 1.269746835443038009e+02 1.256111111111111143e+02
1.280301204819277245e+02 1.263854573885848254e+02 1.280729411764705787e+02 1.242500000000000000e+02
1.265150647785477531e+02 1.302255319148936223e+02 1.300063224446786023e+02 1.272257696693272493e+02
1.337752577319587601e+02 1.398391410048622276e+02 1.316020408163265358e+02 1.324090909090909065e+02
1.308020069471246529e+02 1.325198312236286995e+02 1.273191094619666046e+02 1.324062500000000000e+02
1.277860759493670884e+02 1.257281250000000057e+02 1.205263157894736850e+02 1.177500000000000000e+02
1.269592822636300866e+02 1.271383472609099385e+02 1.277418478260869534e+02 1.279047619047618980e+02
1.245863831527294963e+02 1.140416369260052392e+02 1.227227306455602331e+02 1.226470416788108366e+02
1.283799917661589234e+02 1.260923632610939080e+02 1.284797859690844177e+02 1.292363977485928785e+02
1.271738331495773622e+02 1.246982055464926589e+02 1.200978747203579360e+02 1.191536697247706371e+02
1.296072053014440826e+02 1.297327755761045012e+02 1.278446952929024576e+02 1.292669220945082884e+02
1.285368968779564796e+02 1.311411192214112020e+02 1.268604651162790731e+02 1.273125000000000000e+02
1.292601310809563415e+02 1.260107701686649051e+02 1.346292153872225015e+02 1.264455290901991447e+02
1.298860877684407171e+02 1.213524096385542208e+02 1.196294498381876963e+02 1.478904109589041127e+02
1.558822070675759335e+02 1.508810289389067520e+02 1.407423822714681307e+02 1.492137931034482676e+02
1.301043478260869506e+02 1.320760869565217490e+02 1.266530089628681139e+02 1.254852071005917225e+02
1.268218447130567341e+02 1.261289445691998594e+02 1.415461285008237269e+02 1.318610421836228284e+02
1.291088176715553004e+02 1.284574003530614164e+02 1.279778621125869762e+02 1.276815262561390227e+02
1.268599661805115204e+02 1.271467946351667280e+02 1.296411432604093079e+02 1.272305953278070803e+02
1.250851660582316782e+02 1.239898922333704974e+02 1.258847705012483260e+02 1.244779817691616444e+02
1.304362433746550494e+02 1.258599537424999113e+02 1.222034486498210555e+02 1.274868421052631646e+02
1.339504096593359179e+02 1.274114134041141284e+02 1.354514285714285791e+02 1.372169811320754604e+02
1.310854386770785425e+02 1.320027624309392138e+02 1.335530085959885298e+02 1.276417910447761130e+02
1.348056255247691126e+02 1.311019021739130324e+02 1.293926031294452343e+02 1.340398481973434457e+02
1.269381378879400160e+02 1.284179304192685152e+02 1.287943125345113060e+02 1.296209125475285191e+02
1.340778995960761790e+02 1.349477658904971804e+02 1.314328922495274128e+02 1.379222222222222172e+02
1.368405676126878063e+02 1.441755577109602200e+02 1.348989247311828024e+02 1.272519083969465612e+02
1.269325174825174827e+02 1.271106227106227067e+02 1.288422306959008665e+02 1.279176201372997781e+02
1.279036255162918820e+02 1.293599348534201852e+02 1.344059040590405800e+02 1.262843137254901933e+02
1.285444444444444514e+02 1.270130130130130084e+02 1.260329670329670364e+02 1.264541284403669721e+02
1.284847781965787306e+02 1.293361921097770164e+02 1.259079685746352482e+02 1.445596330275229491e+02
1.280000000000000000e+02 1.280000000000000000e+02 1.280000000000000000e+02 1.280000000000000000e+02
1.302635669673837526e+02 1.306437725928360294e+02 1.343134030126037430e+02 1.316907894736842195e+02
1.328021978021978100e+02 1.362182952182952249e+02 1.309178743961352609e+02 1.382515432098765302e+02
1.275685834502103830e+02 1.263167028199566175e+02 1.235416666666666714e+02 1.240625000000000000e+02
1.295291418650793673e+02 1.297643896268184562e+02 1.334706985466479239e+02 1.869536679536679458e+02
1.320668549905838063e+02 1.332977132805628742e+02 1.347128906250000000e+02 1.298711864406779739e+02
1.313600000000000136e+02 1.293828623518687380e+02 1.429456310679611590e+02 1.289647696476964711e+02
1.276959999999999980e+02 1.286460348162475782e+02 1.335658536585365823e+02 1.580935251798561012e+02
1.297937771345875433e+02 1.308977635782747484e+02 1.344664429530201346e+02 1.303358778625954244e+02
1.297670603674540644e+02 1.271650224215246681e+02 1.340346083788706721e+02 1.471421800947867382e+02
1.270233160621761641e+02 1.318656294200848436e+02 1.292652157875322700e+02 1.416289855072463695e+02
1.369148915846785712e+02 1.372045861115628611e+02 1.377987575608958650e+02 1.328002023267577272e+02
1.189455703012912551e+02 1.170071309094110461e+02 1.147862412570662087e+02 1.115673412421493396e+02
1.330321069073238505e+02 1.324273272107963635e+02 1.242199229052546201e+02 1.336142426850258289e+02
1.251315840433772308e+02 1.253636044059057895e+02 1.250507263922518177e+02 1.276599805258033058e+02
1.282839330245814153e+02 1.342287297190344191e+02 1.336141765704583975e+02 1.312605459057072039e+02
1.301261852662290437e+02 1.276046407853636708e+02 1.303871206513693437e+02 1.240804701627486395e+02
1.325594808940158487e+02 1.256833773087071222e+02 1.282722772277227818e+02 1.236587301587301653e+02
1.281188284518828482e+02 1.275880398671096287e+02 1.282120200333889954e+02 1.288606557377049171e+02
1.307797202797202658e+02 1.349648894668400487e+02 1.382644757433489815e+02 1.335200000000000102e+02
1.276573055773762775e+02 1.279114465707833119e+02 1.276277390438247039e+02 1.329283667621776601e+02
1.271885354053657835e+02 1.273018867924528337e+02 1.289826302729528607e+02 1.297300275482093639e+02
1.356398083623693367e+02 1.401448065500080133e+02 1.431077510275983684e+02 1.422265478424014873e+02
1.291207598371777578e+02 1.281607963246554505e+02 1.354032258064516157e+02 1.272560000000000002e+02
1.272325150532654021e+02 1.272821075740943968e+02 1.357178571428571558e+02 1.430000000000000000e+02
1.380923660902572863e+02 1.366313993174061352e+02 1.437275541795665674e+02 1.538292682926829400e+02
1.283658788774002915e+02 1.263196994991652815e+02 1.256263636363636351e+02 1.261296296296296333e+02
1.273122182146077535e+02 1.264395176973940096e+02 1.279533730158730123e+02 1.267463884430176506e+02
1.279928404928404859e+02 1.273759663865546230e+02 1.276606189967982914e+02 1.261250000000000000e+02
1.280162729658792671e+02 1.341480289621882491e+02 1.282178387650085654e+02 1.457037037037036953e+02
1.280460409815330252e+02 1.348968799576943525e+02 1.280665796344647447e+02 1.469742857142857133e+02
1.280322580645161281e+02 1.301143951833606991e+02 1.358844086021505291e+02 1.504705882352941160e+02
1.245808491418247570e+02 1.311516071880536458e+02 1.213803056027164615e+02 1.394495614035087669e+02
1.257833547833547811e+02 1.265277577505407294e+02 1.264197337509788497e+02 1.270138888888888857e+02
1.296765853658536685e+02 1.309526453298497586e+02 1.324239054899235555e+02 1.346363636363636260e+02
1.320404777704047774e+02 1.305613810741687928e+02 1.332992277992277934e+02 1.316521739130434696e+02
1.459119868637110073e+02 1.366903578528826984e+02 1.481789647577092524e+02 1.441749696233292752e+02
1.308908333333333474e+02 1.311981818181818085e+02 1.377727272727272805e+02 1.334110576923076792e+02
1.417122190648411220e+02 1.391396683673469283e+02 1.411271347248576831e+02 1.380073891625615659e+02
1.343932056378749564e+02 1.318042412355969475e+02 1.405377510967443868e+02 1.315449949443882645e+02
1.303900889453621232e+02 1.291787833827893053e+02 1.295127819548872310e+02 1.280000000000000000e+02
1.276857479696096362e+02 1.287466532316107646e+02 1.279762357414448672e+02 1.324543269230769340e+02
1.301035133751439901e+02 1.308228082350219665e+02 1.301310926186101824e+02 1.355330945069941890e+02
1.272794561933534681e+02 1.258119304059651995e+02 1.272549889135254944e+02 1.252835820895522403e+02
1.289888324873096224e+02 1.350422270878949007e+02 1.372260536398467536e+02 1.307037914691943001e+02
1.269139539770936267e+02 1.270220920608645798e+02 1.275471968353567007e+02 1.251388888888888857e+02
1.268964031903471579e+02 1.280120631541600176e+02 1.253083164300202839e+02 1.290798778936657243e+02
1.284146809369951541e+02 1.290805834528933644e+02 1.337099725526074963e+02 1.267545638945233293e+02
1.212230935333560637e+02 1.322333032490974745e+02 1.261788491446345262e+02 1.330115257958287600e+02
1.273494240973210765e+02 1.269403126480341086e+02 1.283888070692194390e+02 1.298067226890756274e+02
1.268722253841775824e+02 1.328771186440677923e+02 1.332700729927007330e+02 1.261445783132530067e+02
1.297515011547343988e+02 1.303009118541033331e+02 1.324121306376360678e+02 1.302609427609427541e+02
1.310231563947274651e+02 1.324820143884892047e+02 1.302550724637681299e+02 1.317110091743119256e+02
1.292092119866814528e+02 1.283852813852813881e+02 1.273199999999999932e+02 1.235272727272727309e+02
1.334226519337016441e+02 1.304798041615667046e+02 1.322010968921389349e+02 1.325045871559632928e+02
1.370844820384293996e+02 1.356754741103771664e+02 1.300791134369708857e+02 1.344817767653758551e+02
1.281981222587719174e+02 1.302412953751719726e+02 1.397962796279628037e+02 1.387228865979381567e+02
1.305545212765957501e+02 1.300250716332378147e+02 1.296283891547049336e+02 1.396368715083798975e+02
1.302814009661835826e+02 1.304158878504672998e+02 1.320409836065573757e+02 1.369799999999999898e+02
1.310956687291765945e+02 1.324411764705882320e+02 1.353482142857142776e+02 1.377054263565891574e+02
1.325335489086499479e+02 1.253867457962413425e+02 1.380297619047618980e+02 1.388043478260869676e+02
1.279567741935483838e+02 1.279764573991031398e+02 1.331233031674208007e+02 1.344766355140186818e+02
1.385402650356778906e+02 1.293854625550660842e+02 1.469352226720647820e+02 1.329850746268656678e+02
1.290224284609435301e+02 1.323532110091743164e+02 1.382886597938144462e+02 1.320000000000000000e+02
1.281727447216890710e+02 1.286338028169014081e+02 1.284482758620689538e+02 1.279353023909985865e+02
1.415285208497246288e+02 1.464938917975567279e+02 1.467185792349726796e+02 1.397261904761904816e+02
1.206940892641736980e+02 1.201699432066404540e+02 1.198884803921568647e+02 1.205496453900709213e+02
1.201325417201540375e+02 1.145280594996619357e+02 1.222999999999999972e+02 1.161210191082802510e+02
1.284477433257512189e+02 1.302806617227609820e+02 1.299537259615384528e+02 1.254813144329896915e+02
1.286392441150118202e+02 1.280850414304404694e+02 1.293041212695405022e+02 1.295738858483190086e+02
1.286642906415267760e+02 1.277757249766136596e+02 1.290755026672137831e+02 1.305491297024143762e+02
1.307123947051744892e+02 1.279727547931382503e+02 1.308425925925925810e+02 1.367674418604651123e+02
1.301942221510883542e+02 1.390773245433319687e+02 1.508193967163039417e+02 1.291593462717058287e+02
1.289729729729729684e+02 1.294493597206053437e+02 1.297931034482758719e+02 1.316490066225165663e+02
1.191984684109763890e+02 1.198990120746432524e+02 1.184675925925925952e+02 1.197118644067796680e+02
1.452813238770685587e+02 1.468060384263494882e+02 1.421958762886598038e+02 1.468176795580110365e+02
1.277960235640647966e+02 1.308524999999999920e+02 1.324070512820512704e+02 1.405999999999999943e+02
1.341883150756390251e+02 1.338634927322519559e+02 1.282847317744154054e+02 1.337122683142100641e+02
1.287945736434108426e+02 1.233568886629384878e+02 1.242671755725190792e+02 1.253138888888888829e+02
1.319128296826106350e+02 1.307695631301008063e+02 1.348737957610790090e+02 1.356369863013698591e+02
1.284027149321266847e+02 1.347711864406779796e+02 1.330739644970414304e+02 1.263188745603751499e+02
1.312785752259436549e+02 1.321742286751361064e+02 1.374424999999999955e+02 1.278082191780821972e+02
1.283087013554875284e+02 1.450210772833723638e+02 1.502406015037593932e+02 1.444651162790697754e+02
1.297940594059406010e+02 1.278298755186721962e+02 1.454684813753581523e+02 1.299116022099447605e+02
1.277436910915171779e+02 1.275551724137931018e+02 1.284646464646464779e+02 1.268293269230769198e+02
1.294535858429059374e+02 1.276543761638733656e+02 1.317563176895306754e+02 1.272807391613361716e+02
1.294713256032591744e+02 1.244109396914445966e+02 1.283702677746998972e+02 1.774858156028368796e+02
1.288859968766267627e+02 1.331287356321839184e+02 1.377046004842615048e+02 1.479930069930069862e+02
1.260161296875634775e+02 1.281631071631071563e+02 1.259135837334086432e+02 1.269816326530612258e+02
1.280000000000000000e+02 1.280000000000000000e+02 1.280000000000000000e+02 1.280000000000000000e+02
1.287264573991031398e+02 1.334649330181244977e+02 1.266054794520547944e+02 1.259571984435797702e+02
1.265368731563421818e+02 1.280838971583220598e+02 1.245435203094777563e+02 1.261637931034482705e+02
1.312776550893395040e+02 1.225116899097620973e+02 1.278348601735776242e+02 1.253149202733485197e+02
1.176729222520107214e+02 1.133121869782971629e+02 1.254507462686567152e+02 1.290493150684931436e+02
1.305105295987168574e+02 1.309685611565822683e+02 1.319215961125128445e+02 1.337692535545023702e+02
1.251350755302037925e+02 1.256993225241683803e+02 1.266444749485243619e+02 1.267911318553092173e+02
1.273456672991777339e+02 1.266424189670894407e+02 1.293650231124807419e+02 1.609587345254470563e+02
1.279632142318709498e+02 1.274251914660831488e+02 1.262826734780757789e+02 1.263365570599613221e+02
1.261968810916179393e+02 1.287666243117323290e+02 1.258419439579684820e+02 1.345437037037036987e+02
1.382766288636869092e+02 1.359069574820541106e+02 1.314458281444582894e+02 1.314219653179190743e+02
1.278518777198732010e+02 1.282310719131614576e+02 1.331206980126030146e+02 1.445491631799163201e+02
1.425054202056325323e+02 1.451641433978433327e+02 1.412054287476866250e+02 1.382487804878048792e+02
1.280963733198072418e+02 1.274193103448275792e+02 1.304792219274977754e+02 1.287835497835497733e+02
1.333330570520790275e+02 1.425173867228661777e+02 1.303341369334619060e+02 1.456459731543624230e+02
1.261271805022887520e+02 1.270743405275779310e+02 1.277832374436324017e+02 1.267127764938923775e+02
1.284435386473429901e+02 1.281040086673889391e+02 1.298050000000000068e+02 1.342540540540540519e+02
1.269152160557034676e+02 1.278085480093676836e+02 1.285397515527950247e+02 1.287588235294117567e+02
1.234726609963548043e+02 1.244667988107036649e+02 1.225613382899628192e+02 1.239318181818181870e+02
1.307958495920539121e+02 1.309720783607295687e+02 1.270331339162448216e+02 1.297777498112257604e+02
1.273893077450308482e+02 1.272686197648029776e+02 1.298348428343100807e+02 1.309898477157360333e+02
1.270068381150587129e+02 1.276351205469593424e+02 1.305377846790890146e+02 1.315091103965702075e+02
1.297784113252064628e+02 1.300490310530002205e+02 1.313866203301477071e+02 1.293797752808988832e+02
1.312706024581906092e+02 1.319901823281907411e+02 1.277711462450592848e+02 1.266413255360623822e+02
1.281263924120436855e+02 1.285179960209802914e+02 1.315742407199100228e+02 1.314697286012525979e+02
1.301411115825201534e+02 1.294928723081589226e+02 1.303093289689034293e+02 1.289361820199777924e+02
1.318139134709931284e+02 1.274409826243259403e+02 1.292746942615239902e+02 1.303641732283464592e+02
1.309688163630267184e+02 1.301964861957690971e+02 1.302013449367088640e+02 1.276729028364514136e+02
1.268618028761838019e+02 1.268411053540587261e+02 1.350972222222222285e+02 1.428552631578947398e+02
1.248041533546325894e+02 1.248349753694581210e+02 1.246093880972338610e+02 1.290631970260222943e+02
1.318421321650237417e+02 1.332265451311694164e+02 1.333813210742801800e+02 1.340741229227116946e+02
1.319516494912178359e+02 1.325120326600773524e+02 1.392192066805845627e+02 1.316666666666666572e+02
1.127464541832669340e+02 1.186911241551049443e+02 1.100360791826308997e+02 1.187263513513513544e+02
1.259479467900520575e+02 1.264504391468005053e+02 1.303257575757575637e+02 1.328249999999999886e+02
1.258413223140495916e+02 1.264803921568627487e+02 1.314782608695652186e+02 1.284886363636363740e+02
1.259313364055299473e+02 1.264930270713699798e+02 1.278165137614678883e+02 1.305578947368421154e+02
1.255375560538116559e+02 1.257044129891756938e+02 1.265000000000000000e+02 1.279934210526315752e+02
1.249683876613432574e+02 1.293460641922180514e+02 1.269975536319156930e+02 1.254781949184679490e+02
1.283359758399396071e+02 1.252311486962649809e+02 1.261223404255319167e+02 1.327787610619469092e+02
1.319786750071083361e+02 1.270953872437357575e+02 1.243025431160479428e+02 1.362694524495677229e+02
1.280000000000000000e+02 1.280000000000000000e+02 1.280000000000000000e+02 1.280000000000000000e+02
1.295036012804552570e+02 1.249913070475007828e+02 1.276773325358851707e+02 1.249807930607187103e+02
1.341585657370517879e+02 1.408102261553588903e+02 1.296524216524216513e+02 1.333807339449541303e+02
1.275048814504881420e+02 1.277025193798449578e+02 1.265990338164251199e+02 1.270783582089552226e+02
1.303290877796901839e+02 1.279208381055042736e+02 1.334062124248497128e+02 1.339742419302249630e+02
1.277250235873781321e+02 1.276193577703726163e+02 1.317961654894046433e+02 1.271976331360946801e+02
1.278102857142857118e+02 1.276484001471129091e+02 1.274959443800695311e+02 1.276052753354928342e+02
1.270021037000371251e+02 1.273178125000000023e+02 1.269262281432139901e+02 1.281343457943925159e+02
1.269084001688476206e+02 1.270368582711715675e+02 1.268019525801952625e+02 1.270990099009900973e+02
1.259153889835320825e+02 1.281193696651345988e+02 1.284042040726954212e+02 1.276963855421686702e+02
1.397273519163763069e+02 1.279020100502512634e+02 1.311703853955375223e+02 1.420148148148148266e+02
1.284290279627163898e+02 1.289912195121951299e+02 1.288046511627906909e+02 1.300318840579710127e+02
1.280935723655443894e+02 1.286860622462787660e+02 1.299130434782608745e+02 1.312984496124030898e+02
1.189482522409676335e+02 1.161930725287439401e+02 1.290098302055406521e+02 1.320959752321981284e+02
1.279654036243822048e+02 1.357591623036649082e+02 1.413939393939394051e+02 1.443750000000000000e+02
1.279493250719185653e+02 1.283062906724511834e+02 1.298104395604395620e+02 1.281813031161473191e+02
1.266504065040650460e+02 1.300364025695931502e+02 1.274740061162079456e+02 1.303741379310344826e+02
1.288040613523439220e+02 1.308179190751445162e+02 1.332188633615477613e+02 1.576928838951310752e+02
1.284548859380319925e+02 1.326219360199418418e+02 1.351545741324921153e+02 1.265048859934853454e+02
1.304650709713331480e+02 1.334882978723404392e+02 1.297758688012495156e+02 1.293052479537794852e+02
1.267699619771863127e+02 1.266844613918017188e+02 1.264000000000000057e+02 1.273738317757009355e+02
1.259048017867113316e+02 1.271516066039410617e+02 1.260282800185442795e+02 1.254795996920708205e+02
1.263670309653916206e+02 1.258943181818181785e+02 1.264101748807631225e+02 1.259333333333333371e+02
1.270147579693034174e+02 1.270814751286449393e+02 1.283380116959064310e+02 1.293898305084745743e+02
1.361302998965873883e+02 1.411058823529411654e+02 1.352044887780548663e+02 1.425694915254237287e+02
9.009706227967097902e+01 1.041195293698190625e+02 1.248125167875369357e+02 1.165479527342676533e+02
1.270877339937358812e+02 1.261006116207951067e+02 1.278261390887290219e+02 1.250950965824665673e+02
1.257762655812770305e+02 1.249527292186942589e+02 1.238055201698513770e+02 1.240959147424511571e+02
1.282147591692443598e+02 1.289342681858019262e+02 1.431135029354207404e+02 1.342511961722487968e+02
1.284632352941176521e+02 1.300987654320987588e+02 1.327687296416938239e+02 1.395647058823529392e+02
1.516900902749281954e+02 1.451220698805838083e+02 1.481642072213500683e+02 1.534389593062041399e+02
1.250166083916083863e+02 1.281502092050209285e+02 1.282827988338192426e+02 1.288951473136914956e+02
1.330132158590308507e+02 1.318322502030869146e+02 1.295153940886699502e+02 1.338590277777777828e+02
1.263935027508514537e+02 1.373876623376623343e+02 1.289600694444444571e+02 1.337171903881700530e+02
1.276203670010916511e+02 1.294801732400866285e+02 1.309107750029311887e+02 1.289316728374284651e+02
1.292448384273814668e+02 1.307250070601525067e+02 1.314522409638554166e+02 1.294724409448818960e+02
1.304437004646078151e+02 1.327271228359439306e+02 1.290309090909090912e+02 9.609022556390976888e+01
1.291224633845068013e+02 1.294500537056927953e+02 1.301646586345381422e+02 1.302739726027397182e+02
1.290331431676175384e+02 1.292230769230769170e+02 1.293727034120734913e+02 1.294788732394366093e+02
1.253275513640956547e+02 1.251486658195679809e+02 1.267431444241316285e+02 1.274351145038167914e+02
1.266198198198198241e+02 1.259812012838147695e+02 1.273226613306653263e+02 1.280378228782287806e+02
1.256132774734128219e+02 1.262685421994884933e+02 1.272372188139059261e+02 1.263786407766990294e+02
1.256338250790305580e+02 1.257019867549668817e+02 1.269084668192219709e+02 1.270109546165884211e+02
1.266893787575150299e+02 1.258125665601703957e+02 1.272283950617283921e+02 1.266450216450216431e+02
1.272854869509866376e+02 1.273662683823529420e+02 1.273974358974358978e+02 1.277726358148893411e+02
1.251737499999999983e+02 1.260304942166140876e+02 1.263818827708703338e+02 1.277561475409836049e+02
1.339273151964825388e+02 1.324398492072291731e+02 1.340315206929740270e+02 1.344017617770969082e+02
1.280432618683001635e+02 1.282329713721618987e+02 1.294862500000000125e+02 1.367616279069767415e+02
1.330780939774983551e+02 1.267548746518105816e+02 1.311371911573472175e+02 1.368377823408624181e+02
1.283641842445114207e+02 1.330803443328551054e+02 1.440357142857142776e+02 1.316071428571428612e+02
1.257910841466631524e+02 1.236112107623318366e+02 1.196297640653357490e+02 1.269152215799614680e+02
1.279205896338563946e+02 1.269793689320388381e+02 1.277264851485148540e+02 1.273246554364471734e+02
1.274397368421052619e+02 1.292968750000000000e+02 1.295198412698412653e+02 1.267155963302752326e+02
1.262999352890422813e+02 1.254898618338417435e+02 1.283049254698638890e+02 1.307945041816009564e+02
1.261413707423128727e+02 1.249896940418679492e+02 1.279592711682743840e+02 1.236093457943925245e+02
1.276898137502874278e+02 1.272648018648018677e+02 1.282267946959304936e+02 1.268175535590877701e+02
1.253844629822732060e+02 1.251073401736385193e+02 1.273340108401084052e+02 1.297234848484848442e+02
1.279165538657536416e+02 1.258669447245393656e+02 1.248324535230663344e+02 1.186732456140350820e+02
1.276387475790832866e+02 1.267243229098521482e+02 1.290842844600526860e+02 1.335096995055154139e+02
1.407396030245746772e+02 1.287233082706766822e+02 1.363126582278480896e+02 1.286614173228346374e+02
1.273013844515441946e+02 1.272894211576846288e+02 1.271735849056603769e+02 1.270000000000000000e+02
1.284271941791723464e+02 1.284923183450902400e+02 1.334477026090972061e+02 1.351627906976744100e+02
1.309670897978373318e+02 1.374981273408239701e+02 1.458310679611650471e+02 1.406174496644295289e+02
1.258725769669327264e+02 1.284055944055943996e+02 1.302165898617511459e+02 1.320744680851063890e+02
1.281334622823984546e+02 1.287937293729372925e+02 1.283815789473684106e+02 1.281975806451612812e+02
1.282235477178423366e+02 1.288831168831168839e+02 1.273095238095238102e+02 1.279007633587786330e+02
1.336691949290280661e+02 1.294913535301001275e+02 1.329629629629629619e+02 1.288485385296722825e+02
1.348917609046849861e+02 1.317033492822966423e+02 1.392883116883116941e+02 1.407915057915057844e+02
1.240309803921568630e+02 1.254047141424272809e+02 1.275709205847491177e+02 1.232322429906541998e+02
1.284209896249002441e+02 1.298608695652173992e+02 1.351321243523316014e+02 1.286237623762376359e+02
1.280441035474592582e+02 1.279968944099378945e+02 1.289439555349698878e+02 1.280087924970691802e+02
1.284819277108433653e+02 1.284804439746300488e+02 1.298412582297000597e+02 1.281920000000000073e+02
1.269081127609210284e+02 1.268097982708933671e+02 1.272068965517241423e+02 1.278088235294117680e+02
1.271830742659758187e+02 1.273571428571428612e+02 1.267683982683982720e+02 1.274937888198757747e+02
1.253539274230592611e+02 1.269287812041116013e+02 1.248255033557046971e+02 1.234520547945205493e+02
1.270433255269320796e+02 1.281560196560196516e+02 1.265242290748898739e+02 1.278571428571428612e+02
1.247769696969697009e+02 1.243661971830985919e+02 1.219453416149068374e+02 1.257556561085972788e+02
1.266230280680188542e+02 1.257772578380907760e+02 1.259081996434937594e+02 1.600108695652174049e+02
1.083135946622185202e+02 1.155732346592661060e+02 1.236497424576894844e+02 1.279865168539325850e+02
1.377463002114164965e+02 1.465818181818181927e+02 1.290586510263929654e+02 1.478368421052631447e+02
1.262956502539191916e+02 1.287512350035285920e+02 1.252843851132686126e+02 1.304601226993865168e+02
1.408025283347863876e+02 1.398232603724273133e+02 1.366268907563025152e+02 1.402630111524163681e+02
1.256491897044804631e+02 1.334292297564186924e+02 1.303962441314554042e+02 1.300372340425531945e+02
1.328531517017761985e+02 1.340356122224664830e+02 1.358777429467084517e+02 1.383050974512743494e+02
1.280168067226890685e+02 1.280565331336578083e+02 1.278256528417818743e+02 1.278495370370370381e+02
1.285231466494010988e+02 1.285279927173418173e+02 1.294029629629629596e+02 1.253156626506024054e+02
1.208007246376811565e+02 1.251324324324324380e+02 1.278224121557454822e+02 1.099524838012958980e+02
1.364985676232597882e+02 1.289605052021326230e+02 1.362518137847642095e+02 1.335142380886234150e+02
1.280274753758424140e+02 1.343241590214067287e+02 1.319288702928870407e+02 1.296142857142857281e+02
1.297644946126218599e+02 1.332477211796246763e+02 1.332751407884151149e+02 1.386798905608755206e+02
1.273424552569645840e+02 1.299276485788113575e+02 1.314579358196010332e+02 1.272763078773301260e+02
1.298057366362451148e+02 1.258867339022498015e+02 1.295935613682092651e+02 1.288941717791411179e+02
1.130232024336283132e+02 1.266876308878768782e+02 1.309195502309082428e+02 1.269649156078133956e+02
1.337826086956521863e+02 1.280601700457815468e+02 1.437624060150375840e+02 1.416731448763250967e+02
1.292288276320159355e+02 1.263084630800061632e+02 1.273641869855567705e+02 1.249373470386686193e+02
1.236965875370919861e+02 1.248382812499999943e+02 1.246424625098658225e+02 1.236862745098039227e+02
1.266793774319066159e+02 1.187138130686517741e+02 1.233016344725111395e+02 1.208641975308642031e+02
1.305172960650212985e+02 1.299121298949379195e+02 1.288466666666666640e+02 1.270303030303030312e+02
1.281353032659409052e+02 1.300876494023904399e+02 1.363253968253968367e+02 1.390444444444444514e+02
1.280000000000000000e+02 1.280000000000000000e+02 1.280000000000000000e+02 1.280000000000000000e+02
1.275531695100954721e+02 1.274697202413603918e+02 1.277720879421002280e+02 1.274163286898254341e+02
1.252604869029275818e+02 1.222795169845389864e+02 1.218706890430089658e+02 1.250986696632471791e+02
1.380643891418204134e+02 1.404083037174930837e+02 1.350855154733565371e+02 1.420433844406587127e+02
1.280199093238714738e+02 1.353534136546184641e+02 1.366463414634146432e+02 1.373243243243243228e+02
1.306043233082706649e+02 1.262042700519330651e+02 1.295844660194174764e+02 1.318268456375838866e+02
1.318893280632410949e+02 1.318966725043782731e+02 1.313956043956044084e+02 1.327812500000000000e+02
1.267912713472485819e+02 1.311648898365316143e+02 1.307008547008547055e+02 1.275918367346938709e+02
1.264494875549048345e+02 1.357563025210083936e+02 1.475619596541786791e+02 1.564831932773109315e+02
1.291396853843090469e+02 1.323875464684014958e+02 1.305166163141993820e+02 1.319502357255107370e+02
1.279047569153394761e+02 1.301901922608907398e+02 1.300385739333723052e+02 1.314181078331637877e+02
1.281749435665914234e+02 1.286905278380332618e+02 1.328234146341463315e+02 1.384338235294117680e+02
1.268025169409486921e+02 1.243476783691959184e+02 1.316509186351705978e+02 1.316760563380281610e+02
1.259287925696594357e+02 1.393995098039215748e+02 1.253716814159292028e+02 1.369910313901345376e+02
1.277719546742209644e+02 1.308035714285714164e+02 1.335067114093959617e+02 1.333043478260869676e+02
1.393370523157697392e+02 1.402897280287704973e+02 1.484131092436974768e+02 1.486379310344827616e+02
1.434017167381974218e+02 1.487774480712166110e+02 1.497449541284403551e+02 1.366994219653179243e+02
1.304464159269331276e+02 1.300101726061560612e+02 1.342537719330924233e+02 1.269685140652088791e+02
1.378792517006802711e+02 1.260472508591065264e+02 1.340448642266824208e+02 1.438523316062176036e+02
1.278361879666227452e+02 1.278886861313868621e+02 1.279198312236286910e+02 1.279463087248322211e+02
1.308347240051348024e+02 1.301769547325102963e+02 1.312236406619385320e+02 1.310262390670553998e+02
1.250346133044889143e+02 1.231338688085675983e+02 1.223618421052631646e+02 1.282774427020506494e+02
1.242217630853994450e+02 1.234173913043478308e+02 1.217079276773296215e+02 1.288586206896551687e+02
1.200825531914893674e+02 1.180486284289276853e+02 1.259574155653450873e+02 1.334039408866995018e+02
1.345810810810810949e+02 1.305826086956521692e+02 1.266173780487804947e+02 1.360198675496688736e+02
1.280000000000000000e+02 1.280000000000000000e+02 1.280000000000000000e+02 1.280000000000000000e+02
1.267979581637752489e+02 1.269528642697402319e+02 1.266291658250858347e+02 1.265804982587731047e+02
1.271372445755213789e+02 1.259939835916134854e+02 1.285530321333655479e+02 1.253508771929824519e+02
1.282064709806537621e+02 1.280217062089853641e+02 1.291730589335827801e+02 1.348854041013269125e+02
1.280000000000000000e+02 1.280000000000000000e+02 1.280000000000000000e+02 1.280000000000000000e+02
1.344016429514449271e+02 1.328842851009016783e+02 1.332610803324099606e+02 1.314821731748726563e+02
1.384788656069364094e+02 1.383747086247086315e+02 1.336575342465753522e+02 1.336875000000000000e+02
1.326644736842105203e+02 1.389892129444666296e+02 1.414329999999999927e+02 1.364781420765027349e+02
1.290951867816091863e+02 1.314549828178694213e+02 1.315846833578792427e+02 1.456732186732186847e+02
1.334071819841752813e+02 1.312479338842975096e+02 1.331340679522497794e+02 1.290986500519210836e+02
1.268773249566008161e+02 1.230611463684899718e+02 1.293779287960239515e+02 1.199919443427315997e+02
1.389149613460664057e+02 1.357381818181818289e+02 1.478532110091743164e+02 1.330995475113122097e+02
1.273369022127052119e+02 1.290118577075098756e+02 1.356436781609195350e+02 1.418026666666666529e+02
1.280123619506430828e+02 1.280109909909909902e+02 1.282906019922044152e+02 1.284422310756972081e+02
1.283886310904872516e+02 1.274536719286204516e+02 1.294149808638600234e+02 1.277946324387397965e+02
1.269270363491642399e+02 1.251719487525286638e+02 1.289382716049382793e+02 1.265000000000000000e+02
1.266058751529987774e+02 1.252246209200719562e+02 1.275150150150150097e+02 1.260703703703703695e+02
1.272414375527822159e+02 1.264537668941522810e+02 1.274950362221625966e+02 1.239377777777777823e+02
1.205778364116094963e+02 1.224487510766580556e+02 1.274860557768924281e+02 1.319680851063829721e+02
1.278724317693958881e+02 1.324448529411764639e+02 1.291106687898089262e+02 1.313515715948777540e+02
1.278202542744410408e+02 1.330103155339805880e+02 1.302865646258503318e+02 1.331639511201629205e+02
1.339331770222742932e+02 1.424739884393063676e+02 1.422732290708371750e+02 1.472083333333333428e+02
1.298773724354047090e+02 1.412868179623370395e+02 1.560917471466198378e+02 1.729881918819188229e+02
1.281421947449768197e+02 1.342410865874363424e+02 1.334981203007518786e+02 1.371122448979591866e+02
1.357800000000000011e+02 1.350491174213353816e+02 1.310767405063291164e+02 1.292532299741602060e+02
1.299514811031664863e+02 1.323820105820105937e+02 1.374134948096885864e+02 1.345964912280701640e+02
1.305505906522855639e+02 1.300299773755656076e+02 1.323679245283018986e+02 1.334319999999999879e+02
1.258569987389659559e+02 1.240641399416909678e+02 1.278459214501510530e+02 1.248948598130841106e+02
1.277959452536046143e+02 1.258402799377916068e+02 1.212007653061224488e+02 1.231314285714285717e+02
1.337121202517317897e+02 1.363176855591143237e+02 1.264408567959761740e+02 1.238795614531920108e+02
1.271487689889994783e+02 1.265847917923958903e+02 1.278868042526579103e+02 1.252647058823529420e+02
1.353404294032023358e+02 1.359154751892346553e+02 1.293998476770753996e+02 1.323075030750307519e+02
1.347173325322919766e+02 1.358710968775019978e+02 1.361589555657352264e+02 1.233962371721778766e+02
1.352982035928143603e+02 1.325703653585926816e+02 1.441494435612082725e+02 1.323199999999999932e+02
1.317499151679674299e+02 1.336753653444676502e+02 1.311421267893660456e+02 1.299190283400809847e+02
1.292629063097514290e+02 1.321575875486381335e+02 1.351040339702760207e+02 1.250291666666666686e+02
1.277700348432055648e+02 1.256781609195402325e+02 1.256426229508196712e+02 1.236296296296296333e+02
1.331400894187779329e+02 1.316814310051107384e+02 1.286864988558352536e+02 1.355307262569832290e+02
1.317652014652014714e+02 1.327680311890838141e+02 1.280702479338843034e+02 1.424248366013071916e+02
1.320774582560296722e+02 1.315594202898550691e+02 1.305737704918032875e+02 1.272125603864734273e+02
1.289668976135488947e+02 1.310177705977382914e+02 1.274184261036468371e+02 1.321746575342465633e+02
1.337637997432605914e+02 1.297542600896860847e+02 1.361121212121212238e+02 1.377464788732394254e+02
1.270486111111111143e+02 1.278750000000000000e+02 1.362615384615384642e+02 1.270915492957746409e+02
1.386408557625948959e+02 1.384810742893042175e+02 1.391591749367581201e+02 1.380392014519056261e+02
1.285387052965142516e+02 1.283612167300380236e+02 1.284747899159663973e+02 1.284918032786885362e+02
1.292315308453922285e+02 1.372452830188679229e+02 1.335812356979405138e+02 1.456844547563805179e+02
1.340595029751487459e+02 1.344390581717451596e+02 1.273846153846153868e+02 1.382172523961661454e+02
1.329325102880658562e+02 1.298826979472140692e+02 1.350656660412757901e+02 1.370633802816901436e+02
1.295961313012895744e+02 1.243401459854014632e+02 1.228834355828220879e+02 1.275789473684210549e+02
1.273413751507840743e+02 1.262836363636363615e+02 1.412701754385964819e+02 1.390784313725490335e+02
1.280429541968003377e+02 1.278494077834179308e+02 1.299594813614262421e+02 1.322311111111111188e+02
1.261472410315516441e+02 1.276450245804373651e+02 1.257571955719557195e+02 1.276589912280701782e+02
1.286091139240506322e+02 1.307763659466327795e+02 1.327864864864864956e+02 1.289893617021276668e+02
1.274675000000000011e+02 1.288548916611950119e+02 1.273311506080449078e+02 1.695584239130434696e+02
1.283643897195348416e+02 1.336032612997704518e+02 1.322452498240675709e+02 1.405181124106562720e+02
1.338260185776773028e+02 1.402625412717009397e+02 1.319482779168156412e+02 1.406135641116213435e+02
1.315611652739090118e+02 1.389138994737797077e+02 1.350294759825327446e+02 1.286140215716486921e+02
1.347917118894918644e+02 1.348885215794306589e+02 1.296591978489805115e+02 1.399080756013745770e+02
1.303148863534273687e+02 1.369456310679611590e+02 1.262760758570386628e+02 1.268198042602187741e+02
1.357040958000694104e+02 1.329165570381507280e+02 1.331447645818692820e+02 1.313418994413407859e+02
1.324425110426984418e+02 1.297425513450968992e+02 1.277311004784689032e+02 1.309821742405222267e+02
1.298647303521022138e+02 1.293917921464422705e+02 1.286641434262948280e+02 1.108994280266920924e+02
1.283525135534746084e+02 1.303778675282713948e+02 1.309512980047200301e+02 1.324836392657621786e+02
1.265619637750238269e+02 1.281645044110015590e+02 1.281909909909909970e+02 1.279554655870445288e+02
1.253395517380217399e+02 1.230206000895656047e+02 1.250560887448585277e+02 1.166178428761651134e+02
1.253761225144323248e+02 1.268872980159541868e+02 1.246682098765432158e+02 1.222394366197183047e+02
1.250724099099099078e+02 1.245562416107382546e+02 1.276334340382678789e+02 1.289216738197424945e+02
1.277094557449147914e+02 1.258327038746677857e+02 1.245367318915207733e+02 1.273703913783323856e+02
1.303400104739460517e+02 1.316221509971510102e+02 1.355721889554224902e+02 1.368769230769230774e+02
1.314976653696498090e+02 1.349018324607329760e+02 1.386863636363636374e+02 1.407570093457943869e+02
1.337030257751214037e+02 1.308904382470119572e+02 1.331121495327102764e+02 1.395000000000000000e+02
1.250103833865814664e+02 1.362818911685994578e+02 1.333478260869565304e+02 1.346373626373626280e+02
1.285509196949304567e+02 1.287916317991631843e+02 1.289759358288769988e+02 1.288787878787878753e+02
1.259749999999999943e+02 1.245515587529976074e+02 1.286565096952908505e+02 1.347422680412371108e+02
1.319527659574468146e+02 1.281634948096885864e+02 1.353265940902021782e+02 1.358939393939394051e+02
1.329230573248407552e+02 1.329763481551561028e+02 1.347932715748415546e+02 1.288494152046783654e+02
1.251477869467366872e+02 1.293317713214620426e+02 1.174349397590361406e+02 1.147135678391959743e+02
1.223815519364992497e+02 1.226941690962099187e+02 1.256768745067087565e+02 1.280474171164225083e+02
1.264688099808061423e+02 1.267400320948031123e+02 1.305755752212389496e+02 1.281363469312752557e+02
1.274095269239154078e+02 1.272557553956834511e+02 1.307712697734074254e+02 1.284101694915254370e+02
1.274303453783190321e+02 1.276391096979332218e+02 1.425359437136739018e+02 1.260488281250000000e+02
1.392650789541806944e+02 1.350337465564738295e+02 1.449772727272727195e+02 1.466558139534883765e+02
1.270000000000000000e+02 1.274392405063291136e+02 1.274707903780068676e+02 1.274218750000000000e+02
1.273949064130101192e+02 1.279160550458715591e+02 1.290513565891472751e+02 1.257760358342665228e+02
1.266353834844400836e+02 1.272577235772357653e+02 1.257495309568480337e+02 1.241049596309111820e+02
1.275644098262432635e+02 1.300591647331786476e+02 1.289071925754060430e+02 1.227230769230769170e+02
1.271637468716482005e+02 1.269293269230769283e+02 1.289460379192999540e+02 1.265887096774193594e+02
1.265943887775551104e+02 1.268917378917378898e+02 1.235312280701754446e+02 1.263997797356828130e+02
1.249200710479573644e+02 1.264071743234738818e+02 1.266490536277602530e+02 1.254334140435835394e+02
1.246274875621890601e+02 1.261456664238892955e+02 1.255341028331584425e+02 1.254472049689441064e+02
1.280083718605522733e+02 1.279296441061510023e+02 1.294643019554342800e+02 1.290870712401055300e+02
1.394144960362400809e+02 1.476447449293177669e+02 1.374619999999999891e+02 1.476737588652482316e+02
1.320439481268011548e+02 1.323546284224250371e+02 1.316227544910179574e+02 1.340000000000000000e+02
1.281567822134603887e+02 1.289233493022287007e+02 1.282004681847201653e+02 1.236460916442048585e+02
1.274740549424747655e+02 1.280776906628652796e+02 1.278679023242129915e+02 1.293091872791519563e+02
1.275550536420101650e+02 1.279126984126984183e+02 1.274682656826568206e+02 1.290343461030383025e+02
1.386298201967657917e+02 1.353751004016064314e+02 1.305350944851523423e+02 1.275740402193784320e+02
1.317930720145852206e+02 1.315796370967742064e+02 1.366742081447963812e+02 1.405441176470588118e+02
1.527598566308243733e+02 1.479046563192904671e+02 1.473009259259259238e+02 1.297290969899665640e+02
1.302731958762886677e+02 1.337750865051903020e+02 1.351330049261083843e+02 1.276178010471204232e+02
1.240271247739602103e+02 1.276936026936026991e+02 1.250584795321637444e+02 1.339007092198581574e+02
1.280221231043711043e+02 1.277403486924034866e+02 1.350650684931506760e+02 1.319706546275395169e+02
1.283978076379066522e+02 1.283222958057395147e+02 1.292870370370370381e+02 1.367536231884058111e+02
1.301231404958677729e+02 1.303478214323948237e+02 1.285027624309392138e+02 1.217937336814621432e+02
1.280636782069241519e+02 1.269585837548348763e+02 1.275332671300893708e+02 1.264525993883791983e+02
1.264506694855532061e+02 1.311820359281437050e+02 1.289711246200607775e+02 1.325526315789473699e+02
1.289657042723631548e+02 1.343126024702153245e+02 1.390689368770764247e+02 1.374633757961783544e+02
1.281728492501973165e+02 1.299513618677042928e+02 1.330187969924812137e+02 1.376315789473684106e+02
1.265334820214328460e+02 1.270494939794636906e+02 1.264993074792243704e+02 1.256358208955223859e+02
1.273645483605074276e+02 1.263381115012747102e+02 1.277839823659074199e+02 1.242788279773156859e+02
1.303706896551724128e+02 1.375374251497005957e+02 1.303046728971962693e+02 1.343497267759562703e+02
1.355265748031496003e+02 1.329309210526315894e+02 1.394111111111110972e+02 1.348198757763975095e+02
1.283139423076923151e+02 1.304608279545960272e+02 1.399864610755923309e+02 1.349783653846153868e+02
1.282932387000373637e+02 1.280705229793977935e+02 1.288826436071649084e+02 1.275827205882352899e+02
1.442254186346071378e+02 1.350578334052654270e+02 1.330828157349896514e+02 1.521049457177322211e+02
1.293789120347516928e+02 1.343195663397005717e+02 1.834709489993544196e+02 1.263436599423631179e+02
1.270338455476753410e+02 1.270548457642725566e+02 1.293325257061813147e+02 1.239401504139543704e+02
1.279295024664336324e+02 1.291449149043534135e+02 1.353571315497862884e+02 1.356998932764140875e+02
1.278749266001174334e+02 1.365207547169811448e+02 1.279139240506329145e+02 1.251919191919191974e+02
1.279977149430290240e+02 1.272003864341282338e+02 1.293027795853862472e+02 1.206270447110141788e+02
1.299933152664860074e+02 1.305320167564332792e+02 1.324329814777932768e+02 1.331396073543159844e+02
1.322606635071090011e+02 1.275868794326241158e+02 1.386471734892787424e+02 1.596380368098159579e+02
1.282684515195369102e+02 1.309201596806387329e+02 1.433509615384615472e+02 1.307249999999999943e+02
1.305402952937557473e+02 1.387369791666666572e+02 1.433910614525139806e+02 1.339833729216151994e+02
1.281462245305633303e+02 1.272705882352941131e+02 1.324317343173431709e+02 1.324142259414225862e+02
1.286538002387584640e+02 1.335346215780998307e+02 1.353000000000000114e+02 1.386598639455782234e+02
1.274575523704520350e+02 1.259968895800933097e+02 1.247274939172749413e+02 1.265833333333333286e+02
1.283770383791797087e+02 1.259605475040257687e+02 1.305600358422938996e+02 1.922640845070422415e+02
1.223455681374463069e+02 1.226562073669849866e+02 1.288099415204678451e+02 1.365655737704917954e+02
1.280880701754385882e+02 1.279744847890088266e+02 1.302571059431524532e+02 1.410000000000000000e+02
1.279602111246447436e+02 1.281518248175182464e+02 1.281488294314381164e+02 1.259981238273921207e+02
1.382385129490392615e+02 1.377944664031620619e+02 1.414894651539708263e+02 1.449361702127659441e+02
1.306364665911664815e+02 1.280419631901840489e+02 1.359800391389432548e+02 1.382602836879432573e+02
1.292733010421253539e+02 1.306645903210349786e+02 1.309397528321318305e+02 1.342436781609195293e+02
1.291343736454269617e+02 1.278717233686558785e+02 1.296345541401273920e+02 1.300912547528517109e+02
1.309537902388369730e+02 1.281683811586356114e+02 1.311866776315789593e+02 1.304935064935064872e+02
1.284894526034713067e+02 1.291130085384228892e+02 1.277987179487179503e+02 1.257703225806451570e+02
1.288265032554576806e+02 1.290095656670113726e+02 1.270431952662721926e+02 1.283071500503524760e+02
1.286488049344641524e+02 1.292502919423900209e+02 1.286583815028901654e+02 1.306967984934086644e+02
1.353197215777262272e+02 1.339588571428571413e+02 1.351390041493775982e+02 1.463963414634146432e+02
1.292548101924076889e+02 1.287708845208845219e+02 1.255598779557589637e+02 1.280070422535211208e+02
1.333076530612244994e+02 1.348550185873606040e+02 1.423658536585365937e+02 1.376153846153846132e+02
1.396670759785111215e+02 1.390373414748708285e+02 1.390943877551020478e+02 1.389770318021201376e+02
1.292456090917629297e+02 1.295198983911938910e+02 1.327157894736841968e+02 1.247826086956521721e+02
1.285380710659898398e+02 1.322531876138433518e+02 1.291669724770642063e+02 1.391666666666666572e+02
1.275069868995633158e+02 1.282600950118764729e+02 1.304407294832826665e+02 1.281578947368421098e+02
1.273153274814314670e+02 1.294806378132118425e+02 1.266941176470588175e+02 1.295670103092783449e+02
1.266932782748336734e+02 1.267370336669699782e+02 1.290740740740740762e+02 1.326916666666666629e+02
1.272818615999584750e+02 1.277880841821449991e+02 1.305530694205392876e+02 1.314835953943295692e+02
1.301420897125973681e+02 1.324756155983520216e+02 1.373334597875569045e+02 1.303986628462273245e+02
1.277302140368342407e+02 1.296367816091953955e+02 1.343957219251336994e+02 1.353214285714285836e+02
1.459288978390519844e+02 1.470886945658963043e+02 1.406463917525773297e+02 1.449805013927576738e+02
1.376404139506753666e+02 1.447558801213960464e+02 1.452508131550415555e+02 1.297484874675886033e+02
1.344560202114220999e+02 1.385136353391931436e+02 1.293428943937418580e+02 1.522462437395659549e+02
1.357710503642202582e+02 1.288787715517241281e+02 1.487248062015503933e+02 1.654044389642416775e+02
1.373674371977827491e+02 1.451269481439501305e+02 1.323028685790526993e+02 1.450360000000000014e+02
1.384733764507840874e+02 1.508039747064137259e+02 1.491115196078431495e+02 1.522379807692307736e+02
1.366821988404552428e+02 1.337242401779095644e+02 1.504827109266943239e+02 1.476300129366105978e+02
1.285109403254973017e+02 1.293563535911602287e+02 1.306513277255484127e+02 1.257239237524095046e+02
1.284252110228401307e+02 1.285545795589715397e+02 1.261464588144726662e+02 1.311076706544686772e+02
1.287839506172839492e+02 1.344858387799564241e+02 1.301999999999999886e+02 1.383018867924528195e+02
1.277965194109772398e+02 1.282103918228279440e+02 1.285680705190988817e+02 1.288932038834951470e+02
1.351903183023872543e+02 1.361938775510204209e+02 1.355235531628532897e+02 1.348559322033898411e+02
1.238216783216783199e+02 1.212011308562197058e+02 1.233194444444444429e+02 1.282352941176470722e+02
1.395606004740584751e+02 1.342620553769573917e+02 1.365254410263886768e+02 1.349452457264957275e+02
1.305412580722315283e+02 1.368820409194240995e+02 1.392584814216478151e+02 1.326127490039840779e+02
1.279036761284318260e+02 1.313078260869565099e+02 1.422909090909090821e+02 1.482982456140350962e+02
1.245507575757575722e+02 1.305291936978684078e+02 1.492917771883289220e+02 1.562258064516128968e+02
1.284526471483882233e+02 1.271131727430555571e+02 1.296433260393873184e+02 1.884958123953098834e+02
1.301282332654021161e+02 1.317470178014314683e+02 1.296406056093323400e+02 1.315213219616204583e+02
1.280043647234678588e+02 1.279715636197301194e+02 1.281591672263263888e+02 1.310506756756756772e+02
1.280125302944361465e+02 1.280250723240115747e+02 1.278901023890784927e+02 1.279399999999999977e+02
1.279683160460239151e+02 1.279996901146575823e+02 1.279297520661156966e+02 1.278979591836734642e+02
1.279215522054717979e+02 1.278737430167597751e+02 1.279821029082774118e+02 1.279749999999999943e+02
1.279885773624091314e+02 1.279286510590858370e+02 1.280122649223221458e+02 1.280357142857142776e+02
1.264582583663188160e+02 1.225087847730600288e+02 1.237867647058823479e+02 1.235820895522388128e+02
1.180839370913588908e+02 1.140814861726831282e+02 1.145288461538461604e+02 1.221551724137931103e+02
1.361463360637591222e+02 1.353280757097791707e+02 1.323333333333333428e+02 1.348343949044586054e+02
1.295784223779499769e+02 1.286943720982901027e+02 1.311707179991569490e+02 1.295320512820512704e+02
1.265153788447111793e+02 1.281286563805850278e+02 1.203585458094424752e+02 1.256499577583779228e+02
1.284479532163742590e+02 1.569117082533589382e+02 1.286281179138321988e+02 1.286736111111111143e+02
1.361357475017314869e+02 1.357982456140350962e+02 1.347082066869300832e+02 1.321516919486581116e+02
1.342125710097122919e+02 1.355245460659045023e+02 1.299788602941176521e+02 1.373703703703703809e+02
1.327524932003626361e+02 1.393761782347900464e+02 1.285449550449550316e+02 1.214666666666666686e+02
1.275862611431567899e+02 1.261108303249097418e+02 1.247144046627810212e+02 1.223039370078740120e+02
1.284575289575289503e+02 1.296304222093695842e+02 1.271971014492753653e+02 1.305000000000000000e+02
1.277471557928952848e+02 1.282836026125816318e+02 1.298333333333333428e+02 1.296526315789473642e+02
1.295173130193905706e+02 1.315488888888888823e+02 1.326486090775988202e+02 1.295843373493976003e+02
1.301495327102803685e+02 1.301522048364153648e+02 1.310567484662576589e+02 1.305515267175572660e+02
1.306661283811061764e+02 1.288964871194379498e+02 1.326163265306122412e+02 1.317664233576642232e+02
1.278569157392686861e+02 1.318012820512820440e+02 1.294867549668874176e+02 1.346853146853146939e+02
1.273793103448275872e+02 1.279087591240875952e+02 1.276157024793388359e+02 1.275012636899747207e+02
1.281412234525322162e+02 1.275997398091934087e+02 1.294308145240431713e+02 1.286646136618141156e+02
1.313668122270742344e+02 1.322245260663507054e+02 1.290182421227197267e+02 1.387724358974358836e+02
1.355142931618733257e+02 1.366374442793461981e+02 1.347752310092403718e+02 1.383602140945584438e+02
1.327925225965488778e+02 1.307963511972633910e+02 1.351756110520722700e+02 1.329763912310286571e+02
1.427250954805856225e+02 1.373083849842123811e+02 1.316134146341463520e+02 1.285740506329113941e+02
1.405525140154169605e+02 1.339700264882197018e+02 1.282290981849363902e+02 1.310899155489319412e+02
1.292728098563561048e+02 1.377665760548398453e+02 1.345109961190168235e+02 1.426830935251798564e+02
1.271547293603061775e+02 1.312429718875501976e+02 1.382484848484848499e+02 1.419270833333333428e+02
1.302786069651741343e+02 1.304441117764471016e+02 1.290076004343105183e+02 1.293341645885286653e+02
1.282627754066213015e+02 1.266583333333333314e+02 1.484427083333333428e+02 1.312595419847328344e+02
1.200518716577540062e+02 1.221735791090629846e+02 1.243893214682981068e+02 1.380943396226415132e+02
1.284530813257021293e+02 1.284985114125041434e+02 1.291468144044321207e+02 1.282894056847545130e+02
1.293722483537158894e+02 1.296839709681387660e+02 1.289573654390934792e+02 1.296266947875866151e+02
1.287757355904876988e+02 1.289271392262072879e+02 1.289482535575679094e+02 1.295454545454545325e+02
1.266104100946372171e+02 1.275694065060839364e+02 1.248067810457516345e+02 1.268279430789133215e+02
1.295778994957398709e+02 1.291442483262325140e+02 1.299357127264789256e+02 1.273977309562398688e+02
1.279422459893048085e+02 1.287605633802816953e+02 1.274513702310585757e+02 1.321796407185628652e+02
1.281032483587688660e+02 1.289391304347826122e+02 1.296576032225578956e+02 1.320833333333333428e+02
1.279879987531172105e+02 1.280013949290227231e+02 1.279943682664054876e+02 1.279997987927565219e+02
1.257724704673857161e+02 1.209042849193099585e+02 1.198558020477815660e+02 1.200180623973727450e+02
1.273638766519823804e+02 1.307012417823228532e+02 1.306047058823529312e+02 1.372479338842975096e+02
1.301755415162454881e+02 1.372440870387890186e+02 1.277614942528735611e+02 1.362679127725856745e+02
1.273918951418951480e+02 1.295633223684210407e+02 1.364097938144329873e+02 1.367446153846153720e+02
1.260957498778700483e+02 1.264340425531914889e+02 1.274558823529411740e+02 1.293387096774193594e+02
1.334157630256545986e+02 1.450392090010228401e+02 1.497956834532374160e+02 1.461117318435754271e+02
1.306090507933527363e+02 1.282779587404994572e+02 1.314182024091423955e+02 1.340304971809328549e+02
1.316949075477417352e+02 1.334372562514338085e+02 1.338224628557038614e+02 1.254127853881278583e+02
1.282319990310664366e+02 1.300882201203783382e+02 1.255751301467108334e+02 1.305783463734404677e+02
1.303938156359393190e+02 1.316538946704509669e+02 1.314340522133938691e+02 1.261310483870967687e+02
1.292164490723611152e+02 1.292192716236722276e+02 1.291777743335399862e+02 1.244599542334096043e+02
1.292252618080786419e+02 1.296652360515021485e+02 1.291909581646423817e+02 1.269734693877551024e+02
1.351625051166598439e+02 1.326470335339638780e+02 1.375207017543859536e+02 1.286531249999999886e+02
1.326837510271158465e+02 1.320054035798716541e+02 1.340973384030418174e+02 1.245850025680534117e+02
1.323092105263157805e+02 1.373201174743024922e+02 1.387840531561461717e+02 1.343020833333333428e+02
1.275589970501474966e+02 1.290292207792207932e+02 1.392610169491525482e+02 1.351234567901234698e+02
1.274878048780487774e+02 1.299060402684563655e+02 1.366200000000000045e+02 1.393684210526315894e+02
1.276853080568720316e+02 1.284861918604651123e+02 1.254343204252088100e+02 1.273286713286713336e+02
1.284073600000000113e+02 1.275706896551724157e+02 1.286773722627737300e+02 1.288289241622574934e+02
1.280000000000000000e+02 1.280000000000000000e+02 1.280000000000000000e+02 1.280000000000000000e+02
1.193711764705882388e+02 1.324960053262316819e+02 1.161107217939733687e+02 1.260117540687161011e+02
1.183519351935193527e+02 1.231087371232354002e+02 1.211815561959654133e+02 1.271682692307692264e+02
1.364456327985739676e+02 1.317150395778364214e+02 1.349639222941720504e+02 1.344988344988344977e+02
1.277136742991654188e+02 1.247735999091218844e+02 1.271339712918660325e+02 1.286885245901639223e+02
1.277488804684808628e+02 1.273813559322033910e+02 1.285585585585585591e+02 1.286896551724137794e+02
1.261788321167883282e+02 1.265480225988700624e+02 1.350127659574468169e+02 1.315142857142857054e+02
1.190912998487622332e+02 1.217554567901234606e+02 1.218397871711498652e+02 1.225491320273929006e+02
1.211375464684014815e+02 1.220968622100954946e+02 1.254218978102189794e+02 1.234660194174757351e+02
1.328661691542288565e+02 1.487743451981195335e+02 1.540357941834451765e+02 1.540242634315424652e+02
1.376004548900682209e+02 1.385864361702127781e+02 1.321055408970976259e+02 1.399565217391304373e+02
1.391346522016592075e+02 1.397805128205128256e+02 1.329322429906542027e+02 1.408218181818181733e+02
1.339323243860651189e+02 1.313208621390809299e+02 1.345533980582524407e+02 1.316589805825242649e+02
1.309251577998196581e+02 1.290287539936102235e+02 1.285606796116504995e+02 1.362673267326732685e+02
