1.246754002911208090e+02 1.238555885262116760e+02 1.266360544217687050e+02 1.288144329896907152e+02
1.420168776371307899e+02 1.407991471215351851e+02 1.329672846237731676e+02 1.333107049608355226e+02
1.254751607247223859e+02 1.230783024506873886e+02 1.207421052631578959e+02 1.209069767441860535e+02
1.092299412915851207e+02 1.329048648648648623e+02 1.218379310344827644e+02 1.127544642857142918e+02
1.319828138654238217e+02 1.261691263282172315e+02 1.380269978401727826e+02 1.332810734463276958e+02
1.291496193384661808e+02 1.327859778597785976e+02 9.967633136094674740e+01 1.326463414634146432e+02
1.472161993769470314e+02 1.495263157894736707e+02 1.400162601626016396e+02 1.570000000000000000e+02
1.300204545454545553e+02 1.237354838709677409e+02 1.534116094986807468e+02 1.252347417840375527e+02
1.307830225080385844e+02 1.389319052594914581e+02 1.396897568165070140e+02 1.444093872229465489e+02
1.336331486544826532e+02 1.392524863156271806e+02 1.422020275162925316e+02 1.409627414903403917e+02
1.359847161572052414e+02 1.333429084380610448e+02 1.370567081604426107e+02 1.814444444444444571e+02
1.127150812064965208e+02 1.142830593280914968e+02 1.225647058823529392e+02 1.225000000000000000e+02
1.272453452170197181e+02 1.211189312479635021e+02 1.232054500918554822e+02 1.279658634538152597e+02
1.582273214924305762e+02 1.594372206852521856e+02 1.324352154937261332e+02 1.515308389359836383e+02
1.295160704243630221e+02 1.303278493343435400e+02 1.299147869674185358e+02 1.338840245775729727e+02
1.145816566063044917e+02 1.228828756058158262e+02 1.271728643216080457e+02 1.175028690662493460e+02
1.245534644995722857e+02 1.267316798196166872e+02 1.329253731343283675e+02 1.301629629629629505e+02
1.283242220866382013e+02 1.338250909580918915e+02 1.415986355884024874e+02 1.387788461538461604e+02
1.480159675236806436e+02 1.484792066538707616e+02 1.326250000000000000e+02 1.394872863693205431e+02
1.204978586723768785e+02 9.303073420603301713e+01 1.407045454545454675e+02 1.935671641791044806e+02
1.195092942918243182e+02 1.301024468943264196e+02 1.220131578947368354e+02 1.138302540415704414e+02
1.218643014908890052e+02 1.239014598540146039e+02 1.295326797385620807e+02 1.136382113821138233e+02
1.274180915609487101e+02 1.396078431372548891e+02 1.428311897106109427e+02 1.072178770949720672e+02
1.280000000000000000e+02 1.280000000000000000e+02 1.280000000000000000e+02 1.280000000000000000e+02
1.293181655320673542e+02 1.294124078311721462e+02 1.285866558177380057e+02 1.287111299915038103e+02
1.230650277557494121e+02 1.240803474484256270e+02 1.170627352572145554e+02 1.179858870967741922e+02
1.301387959866220854e+02 1.294405850091407615e+02 1.306812933025404107e+02 1.290337837837837753e+02
1.481645732689210888e+02 1.436600566572238051e+02 1.422676282051282044e+02 1.340062111801242111e+02
1.437488828375925038e+02 1.426760603882099190e+02 1.393135116115411734e+02 1.248761395787488198e+02
1.503171974522292942e+02 1.515369458128078861e+02 1.545238095238095184e+02 1.496410256410256352e+02
1.670732469335801795e+02 1.670267898383371801e+02 1.645173535791757047e+02 1.475685920577617196e+02
1.265223572091453690e+02 1.150462627593019391e+02 1.175957904807462313e+02 1.216782868525896362e+02
1.518170492721164635e+02 1.649620699794178051e+02 1.555029093931836996e+02 1.453936708860759381e+02
1.369076086956521863e+02 1.380524475524475463e+02 1.381423149905123466e+02 1.303148854961831944e+02
1.325712322695035539e+02 1.399731882343663756e+02 1.294902575587906028e+02 1.528724992535085221e+02
1.280000000000000000e+02 1.280000000000000000e+02 1.280000000000000000e+02 1.280000000000000000e+02
1.466370062370062328e+02 1.579919571045576276e+02 1.318822429906542197e+02 1.625622009569378008e+02
1.839380506858025228e+02 1.561042332779127833e+02 1.466969616204690965e+02 1.638306298714977913e+02
1.271183729433272447e+02 1.271894347759125168e+02 1.330096401028277739e+02 1.132439862542955353e+02
1.280034899663467627e+02 1.278673740053050381e+02 1.276727272727272720e+02 1.272608695652173907e+02
1.228253638253638229e+02 1.261188630490956086e+02 1.250953947368421098e+02 1.253196125907990250e+02
1.228446745562130218e+02 1.190689170182841110e+02 1.092931034482758577e+02 9.917857142857143060e+01
1.290946727549467141e+02 1.365338683788122012e+02 1.279243369734789439e+02 1.559433962264151035e+02
1.172741865777613128e+02 1.143967004124484390e+02 1.213314285714285745e+02 1.341634130982367878e+02
1.519874421678783847e+02 1.421563039723661461e+02 1.660772727272727138e+02 1.469242424242424363e+02
1.301799253925566120e+02 1.287262523035684296e+02 1.327409647663692738e+02 1.289168436529978692e+02
1.297035098522167402e+02 1.285366506153023067e+02 1.264564102564102512e+02 1.276455696202531698e+02
1.257778315585672857e+02 1.285802382620883009e+02 1.318699311400152965e+02 1.372039274924471215e+02
1.310689910979228614e+02 1.300638497652582259e+02 1.232771317829457303e+02 1.132511848341232223e+02
1.408951582157834537e+02 1.348951446280991604e+02 1.372186287192755572e+02 1.456958333333333258e+02
1.328330321486736807e+02 1.325522780812991925e+02 1.308870343046846187e+02 1.413267518389469615e+02
1.273362445414847173e+02 1.249802793755135610e+02 1.246784741144414141e+02 1.341187648456057104e+02
1.238896769109535114e+02 1.253082191780821972e+02 1.292239999999999895e+02 1.286324786324786373e+02
1.284744044602128668e+02 1.292204899777282776e+02 1.271553884711779432e+02 1.319936102236421789e+02
1.305074470041240886e+02 1.313506242038216669e+02 1.368093196902654824e+02 1.363311130210571491e+02
1.281394222878713265e+02 1.266440272735322736e+02 1.283240526525727887e+02 1.258265553722216765e+02
1.257836634182122992e+02 1.239436724565756833e+02 1.290677830940988713e+02 1.344004192872117471e+02
1.320559552358113535e+02 1.284506232023010455e+02 1.339269141531322589e+02 1.340846846846846745e+02
1.280000000000000000e+02 1.280000000000000000e+02 1.280000000000000000e+02 1.280000000000000000e+02
1.322903711133400293e+02 1.379790390196710632e+02 1.283984326018808702e+02 1.454481823114487327e+02
1.303894436519258306e+02 1.269213270142180079e+02 7.782186732186731604e+01 1.129409888357256762e+02
1.214861837191934342e+02 1.098515837104072403e+02 1.165367875647668399e+02 1.259493521790341646e+02
1.274394440767703571e+02 1.231599999999999966e+02 1.250365384615384556e+02 1.326153846153846132e+02
1.067959363957597105e+02 9.913745908955668540e+01 9.145796737766625029e+01 1.084808429118773887e+02
1.280000000000000000e+02 1.280000000000000000e+02 1.280000000000000000e+02 1.280000000000000000e+02
1.302988734261100205e+02 1.301913499344692013e+02 1.324432029795158314e+02 1.302261904761904816e+02
1.766334616817786696e+02 1.830376333266250697e+02 1.633695345557122778e+02 1.425792058943921461e+02
1.276489202034520076e+02 1.279653338224504751e+02 1.258121408943292465e+02 1.230935023771790782e+02
1.195123652504755825e+02 1.214835238735709453e+02 1.235388788426763114e+02 1.199416590701914345e+02
1.281882007474639522e+02 1.233762162162162213e+02 1.263409337676438611e+02 1.263815789473684248e+02
1.280456911509542977e+02 1.256685796269727433e+02 1.288548387096774093e+02 1.245238095238095184e+02
1.272373858721768443e+02 1.234056107539450551e+02 1.280080053368912729e+02 1.267002237136465368e+02
1.239535147392290213e+02 1.263816091954023051e+02 1.220514541387024678e+02 1.437347480106100761e+02
1.354072244874519129e+02 1.399586171443259275e+02 1.487235602094240789e+02 1.325686774941995338e+02
1.255144927536231876e+02 1.277638936359286390e+02 1.208520240700218835e+02 1.504634961186990267e+02
1.205440130875228135e+02 1.292017929910350347e+02 1.240256849315068450e+02 1.273752039151712836e+02
1.248763575605680813e+02 1.279711042311661515e+02 1.236061093247588474e+02 1.246532951289398312e+02
1.345145469659185267e+02 1.283096716947648588e+02 1.293417231364956308e+02 1.333325581395348820e+02
1.359795489564364743e+02 1.411049205935954092e+02 1.433716400467471885e+02 1.299382022471910147e+02
1.198640128569662551e+02 1.223071038251366076e+02 1.227588126159554776e+02 1.229016704631738861e+02
1.194209677419354847e+02 1.026593915343915313e+02 1.144194831013916485e+02 1.102441860465116292e+02
1.262621784345922293e+02 1.146576086956521721e+02 1.095984848484848442e+02 1.092352941176470580e+02
1.229228437586111937e+02 1.163394919168591173e+02 1.202884615384615330e+02 1.093902439024390247e+02
1.333160152526215541e+02 1.299871921182266021e+02 1.252293144208037887e+02 1.257987804878048763e+02
1.257213857489359725e+02 1.291090573012938876e+02 1.329965446835244336e+02 1.352507260406582645e+02
1.086120779413952135e+02 1.188812220616408410e+02 1.232355848434925889e+02 1.791037296037295903e+02
1.257817518814492956e+02 1.290096879643387808e+02 1.299626485568760472e+02 1.214489311163895451e+02
1.269709826201166862e+02 1.262681047765793494e+02 1.281006482429204993e+02 1.265401929260450231e+02
1.285309751434034524e+02 1.299445920303605249e+02 1.289282334384857904e+02 1.326361702127659612e+02
1.281759809285602500e+02 1.255528281750266757e+02 1.265565031982942372e+02 1.358530927835051614e+02
1.315317647058823525e+02 1.306495132127955401e+02 1.327413509060955619e+02 1.324144736842105203e+02
1.223283866057838623e+02 1.259480566654558658e+02 1.288595505617977608e+02 1.198396946564885468e+02
1.284746568827286239e+02 1.316160995138690168e+02 1.336647612642905187e+02 1.336127167630057784e+02
1.337460112117291828e+02 1.304034051424600307e+02 1.293752136752136437e+02 1.507865535248041908e+02
1.319955869373345081e+02 1.346595744680851112e+02 1.300144927536231876e+02 1.516613076098606712e+02
1.279973656952134888e+02 1.280311733962351468e+02 1.280034515819750709e+02 1.784861660079051262e+02
1.283681155987208342e+02 1.381052631578947398e+02 1.358125000000000000e+02 1.385607476635514104e+02
1.271801132342533549e+02 1.272830340391316071e+02 1.289183183183183132e+02 1.302871287128712936e+02
1.266487582361885416e+02 1.274648030495552717e+02 1.312396053558844358e+02 1.400684931506849296e+02
1.285134821313378950e+02 1.322572237960339976e+02 1.329011030810193859e+02 1.357958532695374743e+02
1.352189487780381683e+02 1.402767329392799525e+02 1.324327784891165152e+02 1.474394531250000000e+02
1.293748246844319851e+02 1.375164520743919923e+02 1.452571428571428669e+02 1.792935779816513673e+02
1.086967862804438738e+02 1.147708460133901411e+02 1.018685314685314722e+02 1.163472609099350024e+02
1.293118881118881234e+02 1.330161884559562395e+02 1.350598121601581738e+02 1.483683405556971593e+02
1.344093095156303548e+02 1.336168389955686848e+02 1.336699695121951095e+02 1.336465324384787436e+02
1.335340961098398225e+02 1.416029411764705799e+02 1.375258764607679325e+02 1.420872274143302150e+02
1.274393442622950801e+02 1.271551724137931103e+02 1.304572864321607994e+02 1.262643678160919478e+02
1.217799540933435338e+02 1.223772253946926440e+02 1.253713450292397624e+02 1.228120950323974085e+02
1.294881516587677766e+02 1.367031630170316419e+02 1.294632768361582009e+02 1.281617647058823479e+02
1.281802388707926070e+02 1.317924151696606714e+02 1.326283783783783861e+02 1.329749999999999943e+02
1.388707107843137294e+02 1.395118424333084022e+02 1.316376077040040684e+02 1.283116883116883002e+02
1.360786840130097630e+02 1.336224566691786038e+02 1.280691136274892585e+02 1.337584704743465522e+02
1.352169371912491158e+02 1.335272494513533275e+02 1.289176783004552362e+02 1.265272822665267540e+02
1.338467380478087705e+02 1.320247300592128283e+02 1.256161879895561384e+02 1.299426229508196684e+02
1.318546632723906384e+02 1.345860413589364839e+02 1.273582580115036933e+02 1.329709543568464767e+02
1.400679705654531233e+02 1.363115376502847482e+02 1.402650602409638623e+02 1.306172914147521169e+02
1.340238504102270554e+02 1.400536759094377999e+02 1.378141304347826122e+02 1.280867273598466625e+02
1.370129678750368498e+02 1.317736216216216292e+02 1.342794312169312150e+02 1.282115583075335508e+02
1.419768572866007048e+02 1.375168986083498908e+02 1.412894168466522729e+02 1.287057142857142935e+02
1.371027801179444054e+02 1.406737170596393867e+02 1.415452157598498957e+02 1.296268041237113380e+02
1.281919354838709637e+02 1.301421715656868514e+02 1.301443661971831034e+02 1.283294797687861148e+02
1.271343283582089612e+02 1.272489502099580108e+02 1.249460526315789508e+02 1.270139860139860133e+02
1.280345359235275851e+02 1.311256281407035260e+02 1.244123711340206171e+02 1.236206896551724128e+02
1.335035379298996077e+02 1.297578283855225720e+02 1.303436977599465081e+02 1.278998559077809745e+02
1.332923950056753597e+02 1.304959979344177725e+02 1.335518378887841777e+02 1.290349344978166073e+02
1.334175357749211628e+02 1.331307729703451628e+02 1.295168943206326446e+02 1.289294117647058897e+02
1.359175658178679384e+02 1.455646258503401498e+02 1.244226415094339586e+02 1.289832285115303989e+02
1.281167931375783553e+02 1.234280868385345968e+02 1.230208105147864188e+02 1.214375000000000000e+02
1.131956278026905807e+02 1.309440323668240183e+02 1.267872340425531945e+02 1.376536796536796601e+02
1.327925618796331264e+02 1.251809198023565131e+02 1.280950559956296217e+02 1.358667992047713824e+02
1.284796320630748880e+02 1.315601719197707666e+02 1.408458781362007244e+02 1.449615384615384528e+02
1.243780814576634555e+02 1.274680948040109456e+02 1.248164420036611801e+02 1.271451581221763831e+02
1.374079804560260527e+02 9.803944020356233580e+01 8.988545568039950240e+01 1.572194159431728622e+02
1.569158598432457268e+02 1.518578553615960232e+02 1.401958477508650560e+02 1.326739130434782510e+02
1.295654416505480242e+02 1.279857881136950937e+02 1.221818181818181870e+02 1.196666666666666714e+02
1.256441191317516370e+02 1.263069977426636541e+02 1.259451073985680125e+02 1.274905660377358458e+02
1.301485849056603854e+02 1.341187214611872207e+02 1.419585921325051743e+02 1.407803030303030312e+02
1.258886886230815492e+02 1.253147812058882806e+02 1.262338308457711378e+02 1.284603709949409733e+02
1.205810439560439562e+02 1.223414634146341484e+02 1.147624750499002033e+02 1.460148514851485118e+02
1.198710526315789480e+02 1.213012195121951180e+02 1.003865814696485614e+02 1.517777777777777715e+02
1.289288867091711666e+02 1.295062421972534423e+02 1.281952662721893432e+02 1.285090909090909008e+02
1.309882412229128192e+02 1.308774319066147882e+02 1.283333333333333428e+02 1.297727272727272805e+02
1.692913057092161466e+02 1.823420361726954582e+02 1.670511478050744927e+02 1.443316162266580704e+02
1.278472191364882065e+02 1.378923556942277742e+02 1.355088062622309337e+02 1.288150289017341095e+02
1.215956719817767606e+02 1.241258194654563738e+02 1.313609112709832232e+02 1.368904109589041127e+02
1.186848137535816647e+02 1.224955414012738828e+02 1.163551637279596918e+02 1.261210762331838566e+02
1.274063063063063055e+02 1.277404994571118380e+02 1.277005076142131941e+02 1.278923076923076962e+02
1.286223593194989689e+02 1.286239385361908489e+02 1.280687976291278574e+02 1.277478183038711137e+02
1.254891523149183570e+02 1.265831399845320959e+02 1.231828124999999972e+02 1.257462686567164241e+02
1.556885819879400970e+02 1.638434589800443462e+02 1.310222950819672008e+02 1.406499302649930314e+02
1.120505344995140860e+02 1.055177128651336176e+02 1.059615384615384670e+02 1.144693877551020478e+02
1.305778126225009714e+02 1.293047235023041424e+02 1.321521739130434696e+02 1.308418657565415231e+02
1.300833333333333428e+02 1.392189781021897943e+02 1.302746598639455726e+02 1.316051020408163197e+02
1.474171626150703389e+02 1.444709651645893302e+02 1.568896903370227562e+02 1.310128475147430436e+02
1.509130695443645038e+02 1.506460396039603893e+02 1.434160583941605864e+02 1.470975609756097526e+02
1.373226876814599677e+02 1.374328899637243069e+02 1.362500000000000000e+02 1.339189189189189051e+02
1.271768826619965012e+02 1.241313868613138709e+02 1.277202643171806216e+02 1.163378746594005406e+02
1.472524854031876202e+02 1.467998432192317750e+02 1.411191210485736178e+02 1.433787680209698578e+02
1.312374571517606796e+02 1.296939708939708851e+02 1.243691275167785193e+02 7.180110497237569689e+01
1.302436504520017024e+02 1.390784494693124032e+02 1.572410147991543283e+02 1.547761989342806430e+02
1.481706753492280200e+02 1.481831584207895958e+02 1.433881711748082353e+02 1.464806458290209150e+02
1.414167947873197022e+02 1.442346445824706791e+02 1.326916745453534361e+02 1.521717458067564337e+02
1.199078404401650602e+02 1.195328389830508513e+02 1.236873417721518962e+02 1.257590909090909150e+02
1.311612196094061460e+02 1.401986782754641752e+02 1.401834836918806388e+02 1.406047461889046133e+02
1.405193333333333214e+02 1.388648409893992834e+02 1.363938307030129238e+02 1.390536277602523683e+02
1.350139443188921575e+02 1.291212161095025124e+02 1.398636688079942871e+02 1.473927900222108462e+02
1.295396081058449056e+02 1.462396791234592115e+02 1.419289215686274588e+02 1.504336477987421290e+02
1.438443604964921860e+02 1.420599322321050408e+02 1.498361844012757444e+02 1.370117187500000000e+02
1.294323295257874804e+02 1.290170043415340047e+02 1.304741962774957642e+02 1.307460770328102626e+02
1.415287414535325468e+02 1.339464743157610940e+02 1.262934000625586464e+02 1.407568192325474001e+02
1.294834775767112376e+02 1.367055346587856093e+02 1.388558044806517273e+02 1.343176130895091376e+02
1.269022999803420504e+02 1.231437111429937801e+02 1.341715909090908951e+02 1.351964285714285836e+02
1.208175425610658777e+02 1.193921332530604076e+02 1.241258722490606488e+02 1.230870927318295713e+02
1.251757961783439441e+02 1.221476793248945114e+02 1.234559859154929597e+02 1.212409381663112953e+02
1.289371152154793378e+02 1.310770770770770639e+02 1.273442408376963328e+02 1.421290322580645125e+02
1.375328253223915453e+02 1.333176100628930953e+02 1.447482219061166404e+02 1.278985507246376869e+02
1.271542563321272183e+02 1.280449438202247165e+02 1.475000000000000000e+02 1.555230769230769283e+02
1.285574840764331270e+02 1.271539424280350374e+02 1.240909926470588260e+02 1.261558441558441501e+02
1.492123745079828439e+02 1.353026204564665989e+02 1.296935253850541869e+02 1.766645974781765176e+02
1.211292929292929301e+02 1.219989694263139768e+02 1.231817026683608702e+02 1.293257790368271856e+02
1.183197674418604635e+02 1.217766405779650825e+02 1.180006317119393486e+02 1.159440715883668958e+02
1.219246458923512790e+02 1.167220588235294088e+02 1.172745098039215748e+02 1.208026315789473699e+02
1.304798283261802680e+02 1.300215053763440949e+02 1.281081081081080981e+02 1.280280898876404478e+02
1.349537602512650381e+02 1.246852898095835940e+02 1.452401594419531534e+02 1.784207723035952142e+02
1.268832575265323754e+02 1.250930635838150238e+02 9.809170305676856572e+01 1.294463087248322211e+02
1.154195617316942872e+02 1.254207317073170742e+02 1.120293417922283936e+02 1.025942028985507193e+02
1.312908841044434212e+02 1.336838006230529459e+02 1.339284833538841042e+02 1.321605633802817010e+02
1.350000000000000000e+02 1.299359823399558422e+02 1.323723404255319167e+02 1.395683333333333280e+02
1.253705062362435854e+02 1.075763440860215070e+02 1.282648809523809632e+02 1.329113300492610961e+02
1.372097735399284772e+02 1.331571534469977678e+02 1.419857142857142946e+02 1.471315789473684106e+02
1.376952892069171241e+02 1.388428143712574752e+02 1.435652173913043441e+02 1.329614147909967983e+02
1.255560407569141148e+02 1.264353035143769972e+02 1.326676056338028218e+02 1.258612244897959158e+02
1.287868852459016296e+02 1.298288135593220431e+02 1.275532994923857899e+02 1.292769230769230830e+02
1.333176020408163538e+02 1.414661458333333428e+02 1.353291139240506311e+02 1.383589743589743648e+02
1.611393041114938569e+02 1.544751711453969563e+02 1.629354010084673234e+02 1.387259001161440040e+02
1.275371043072132835e+02 1.278763040238450088e+02 1.286637873754152963e+02 1.305805243445692838e+02
1.304579439252336499e+02 1.226796769851951581e+02 1.174543946932006691e+02 1.255437500000000028e+02
1.295546448087431770e+02 1.214073170731707307e+02 1.361858974358974308e+02 1.310999999999999943e+02
1.704861089310940088e+02 1.409343891402714917e+02 9.331645569620253866e+01 1.369674796747967491e+02
1.399442316898037291e+02 1.397250688705234154e+02 1.376673089274245285e+02 1.380416666666666572e+02
1.362413514924310789e+02 1.350316901408450576e+02 1.360060657757558715e+02 1.327041272998508248e+02
1.348709202020003488e+02 1.361021894806156922e+02 1.359171833480956479e+02 1.389306480920654110e+02
1.284479146553388773e+02 1.251023517883390497e+02 1.298323484952590263e+02 1.213131121642969958e+02
1.312387907608695627e+02 1.316382884869872214e+02 1.509650756693829976e+02 1.580232919254658270e+02
1.228300408719345995e+02 1.034988558352402777e+02 9.897560975609755474e+01 8.257241379310345053e+01
1.272607614607614579e+02 1.273857084019769417e+02 1.285339476236663359e+02 1.289624478442280804e+02
1.299640302613480003e+02 1.317540597171293939e+02 1.315295414462080998e+02 1.306547677261613671e+02
1.245794597989949750e+02 1.220000000000000000e+02 1.257222222222222285e+02 1.295999999999999943e+02
1.281664824231704642e+02 1.302749918059652714e+02 1.278947930004268017e+02 1.311286110011871813e+02
1.668462962962962877e+02 1.582123711340206285e+02 1.769477848101265920e+02 1.667086247086247113e+02
1.261389496717724228e+02 1.259440000000000026e+02 1.263877551020408134e+02 1.265862068965517295e+02
1.110411256649316414e+02 1.105013304190820094e+02 1.081913446924246074e+02 1.108708551483420592e+02
1.127484670036652972e+02 1.061138321349754392e+02 1.119896810506566567e+02 1.146283034953111724e+02
1.240795072788353934e+02 1.176135200454933170e+02 1.206630075187969879e+02 1.222690909090909059e+02
1.325188335358444647e+02 1.380536398467432946e+02 1.343333333333333428e+02 1.471610486891385676e+02
1.281781787125013352e+02 1.255177577524516295e+02 1.288388917393535280e+02 1.285830546265328849e+02
7.490372593148286740e+01 9.313727405959942018e+01 7.755107296137339290e+01 7.919685039370078528e+01
1.352196684250188525e+02 1.267702400000000011e+02 1.466982348947725825e+02 9.805346700083542544e+01
1.261968544763221587e+02 9.930890052356021158e+01 8.200000000000000000e+01 8.669306930693069546e+01
1.296933918361920064e+02 1.433583061889250700e+02 8.742483660130719159e+01 1.577540983606557461e+02
1.285597883597883708e+02 1.307712665406427277e+02 1.363125000000000000e+02 1.337894736842105203e+02
1.379448666127728416e+02 1.201837511190689298e+02 1.292794561933534681e+02 1.300726666666666631e+02
1.359356435643564396e+02 1.375873015873015959e+02 1.088870292887029336e+02 1.339306122448979579e+02
1.425946578954104496e+02 1.397272343776365346e+02 1.351552038319362623e+02 1.347486353711790343e+02
1.281408239700374452e+02 1.274922630560928383e+02 1.251772972972973008e+02 1.249630177514792848e+02
1.438813789359392104e+02 1.367166736314249817e+02 1.366237113402061993e+02 1.239042224510813526e+02
1.281433414043583525e+02 1.281509433962264097e+02 1.284438775510204209e+02 1.327162790697674382e+02
1.281434814275309577e+02 1.279844444444444491e+02 1.279449838187702255e+02 1.288695652173913118e+02
1.292448255470135905e+02 1.299054805401111992e+02 1.306751918158567776e+02 1.315836177474402859e+02
1.466513238289205674e+02 1.311251788268955636e+02 1.534489104116222791e+02 1.460789336121275426e+02
1.469471101417666432e+02 1.468378995433789953e+02 1.455136363636363512e+02 1.444301075268817272e+02
1.299800531914893611e+02 1.309847473784556655e+02 1.320818385650224229e+02 1.270643939393939377e+02
1.301302521008403232e+02 1.310670731707317032e+02 1.317744630071599090e+02 1.274932126696832597e+02
1.327889037791476881e+02 1.240278471644000433e+02 1.342752664461594918e+02 1.299188118811881054e+02
1.441868469575906602e+02 1.440901116427432100e+02 1.436229508196721270e+02 1.440699152542372872e+02
1.684592809977989702e+02 1.730252764612954195e+02 1.688351648351648464e+02 1.598064516129032313e+02
1.344776473487999624e+02 1.300712251793917744e+02 1.332173031026252943e+02 1.343833252895752821e+02
1.580602258469259596e+02 1.612841025641025681e+02 1.382316384180790863e+02 1.605387596899224718e+02
1.326266666666666652e+02 1.269783362218370826e+02 1.474204018547140720e+02 1.534729729729729684e+02
1.123257406188281777e+02 1.170013489208633075e+02 1.109479865771812115e+02 1.234905123339658388e+02
1.162046039094650212e+02 1.123060009161704045e+02 1.166906528189910972e+02 1.193318233295583184e+02
1.304515400955921507e+02 1.290745708154506417e+02 1.277878192534381157e+02 1.279238754325259464e+02
1.255414507772020727e+02 1.258402366863905257e+02 1.270949999999999989e+02 1.256400000000000006e+02
1.285657311669128546e+02 1.312787878787878810e+02 1.317480314960629926e+02 1.293661971830985919e+02
1.235713275683907142e+02 1.258946093276802003e+02 1.242313871754411139e+02 1.267165523996082328e+02
1.282091971642076942e+02 1.224550029171528536e+02 1.267946163628656251e+02 1.194403153153153170e+02
1.284471585557299704e+02 1.280234417590405371e+02 1.253502377179080867e+02 1.205628218331616921e+02
1.288533124329675843e+02 1.288763876137217324e+02 1.245639599555061210e+02 1.233517978620019448e+02
1.242746955345060940e+02 1.233317107093185001e+02 1.233633093525179873e+02 1.509489051094890613e+02
1.241017554299315719e+02 1.227483718176435730e+02 1.255435435435435494e+02 1.256798679867986834e+02
1.169539706626201365e+02 1.156861635220125777e+02 1.233956262425447363e+02 1.204022988505747094e+02
1.163406692117673487e+02 1.214691546077684734e+02 1.164979919678714850e+02 1.172274143302180676e+02
1.067201609298167142e+02 1.082093837535013989e+02 1.123330940416367554e+02 1.226896551724137936e+02
1.091840445269016726e+02 1.105843113032736227e+02 1.098152173913043441e+02 1.184767932489451425e+02
1.076272764063132286e+02 1.071967020023557069e+02 1.132725366876310318e+02 1.168339575530586814e+02
1.160470252013510049e+02 1.207129032258064569e+02 1.161572327044025172e+02 1.180353697749196158e+02
1.169865951742627317e+02 1.236237704918032847e+02 1.207875288683602832e+02 1.519836065573770441e+02
1.199997365648050618e+02 1.231404882542607027e+02 1.279604316546762561e+02 1.208541666666666714e+02
1.139014864470999697e+02 1.136529636711281057e+02 1.127943632567849619e+02 9.663636363636364024e+01
1.236367432150313164e+02 1.143823529411764639e+02 1.142547445255474514e+02 1.177824267782426801e+02
1.244468183929400880e+02 1.148081761006289270e+02 1.190614224137931103e+02 1.070265060240963919e+02
1.138830556428795973e+02 1.165433318365514168e+02 1.174614614614614680e+02 1.185609756097560989e+02
1.315410628019323553e+02 1.312854877081681195e+02 1.303802816901408335e+02 1.311445783132530210e+02
1.244506734240488726e+02 1.244209825495830160e+02 1.274075840978593277e+02 1.383881453154875771e+02
1.468597430406852311e+02 1.311849462365591421e+02 1.391495844875346393e+02 1.495443037974683591e+02
1.317085089417929282e+02 1.260393302180685424e+02 1.256227213541666714e+02 1.320236393622869571e+02
1.957768728004022023e+02 1.550866290018832387e+02 1.723696498054474660e+02 1.478887573964497051e+02
1.324358839050131849e+02 1.313108218063466097e+02 1.316038812785388075e+02 1.268947368421052602e+02
1.169734042553191529e+02 1.173907692307692372e+02 1.172967741935483872e+02 1.221498054474708113e+02
1.233147815679234043e+02 1.254061349693251515e+02 1.318738738738738618e+02 1.191980198019801946e+02
9.572199595740187306e+01 9.923503365214311600e+01 1.075580052493438359e+02 1.193732057416267907e+02
1.168224694843477494e+02 1.267873170731707262e+02 1.298073052553112063e+02 1.329255777516647186e+02
1.262896614405816820e+02 1.258083259127337499e+02 1.285890505890506006e+02 1.404139620330679747e+02
1.221979440892566089e+02 1.249888776541961590e+02 1.222969023962594974e+02 8.324829931972789154e+01
1.268017207665232746e+02 1.259112554112554108e+02 1.209493670886076018e+02 1.225080213903743385e+02
1.262013888888888857e+02 1.247483443708609201e+02 1.180568181818181870e+02 1.243818181818181756e+02
1.270444183313748567e+02 1.297776832381183851e+02 1.254418892185954491e+02 1.323404605263157805e+02
1.283493737640079075e+02 1.257896725440806023e+02 1.294803493449781797e+02 1.238917716827279492e+02
1.374203977662388638e+02 1.357766083856730575e+02 1.373754838709677415e+02 1.400266889074228516e+02
1.361725412166003366e+02 1.378430253300035702e+02 1.369414414414414409e+02 1.364266337854500648e+02
1.268020338983050834e+02 1.275154639175257785e+02 1.333531468531468533e+02 1.522752293577981675e+02
1.251384742951907185e+02 1.193019197207678843e+02 1.298995901639344197e+02 1.210000000000000000e+02
1.236060999117260195e+02 1.413017375335499253e+02 1.268414480145924017e+02 1.194992125984252027e+02
1.217513089005235543e+02 1.307286374133949209e+02 1.288373015873015959e+02 1.215844748858447559e+02
1.198358388454600174e+02 1.262009302325581359e+02 1.247376425855513276e+02 1.316065891472868259e+02
1.354802329144958719e+02 1.291674008810572616e+02 1.313476702508960443e+02 1.285940054495912932e+02
1.290308826459454110e+02 1.370345188284518940e+02 1.367340553549939841e+02 1.347190569744597326e+02
1.194652068126520703e+02 1.221856823266219294e+02 1.195795454545454533e+02 1.200526315789473699e+02
1.590933772755806785e+02 1.524740577581987395e+02 1.527595642259944384e+02 1.419238095238095241e+02
1.569581343521171561e+02 1.548457862728062651e+02 1.536212204507971535e+02 1.303968079251513359e+02
1.286711170449488293e+02 1.141739130434782652e+02 1.337184873949579753e+02 1.493566433566433602e+02
1.271525555989075258e+02 1.284086956521739182e+02 1.324195583596214476e+02 1.137878787878787818e+02
1.477919889502762487e+02 1.401209183673469454e+02 1.555126782884310614e+02 1.298904682274247477e+02
1.275829358770535293e+02 1.294631578947368382e+02 1.346604127579737451e+02 1.225578231292517017e+02
1.243368283093053748e+02 1.240265432098765501e+02 1.255631621841890819e+02 1.245224646983311914e+02
1.290671568627450938e+02 1.281401384083044945e+02 1.287712248865845481e+02 1.276954177897574141e+02
1.273769866497139276e+02 1.194442060085836914e+02 1.234448398576512460e+02 1.251260504201680703e+02
1.265803480040941622e+02 1.417021696252465404e+02 1.332442671984047990e+02 1.268695652173912976e+02
1.254767711962833943e+02 1.293897959183673549e+02 1.320481049562682188e+02 1.263138686131386805e+02
1.238132944915254257e+02 1.264034519956850033e+02 1.199344894026974941e+02 1.253051643192488314e+02
1.160130532633158253e+02 1.148145650048875837e+02 1.193663531870428471e+02 1.248977853492333878e+02
1.293720831565549361e+02 1.299330275229357881e+02 1.310138696255201012e+02 1.457510917030567725e+02
1.233988644428672785e+02 1.197461174881836570e+02 1.277519083969465612e+02 1.176126760563380316e+02
1.215931295304128525e+02 1.220581896551724128e+02 1.263806327900287698e+02 1.424408060453400537e+02
1.330705128205128176e+02 1.381850723533891880e+02 1.313820224719101191e+02 1.342646310432569976e+02
1.263915072328511400e+02 1.305317073170731703e+02 1.306021897810219059e+02 1.266058201058201007e+02
1.321014323297281408e+02 1.333738872403560833e+02 1.298051470588235361e+02 1.356211538461538453e+02
1.426939907550077180e+02 1.426969822240595249e+02 1.420139664804469248e+02 1.374844720496894297e+02
1.260354395604395563e+02 1.269933354490637925e+02 1.273271889400921708e+02 1.261924528301886852e+02
1.337217068645639984e+02 1.280577309236947769e+02 1.359986357435197704e+02 1.321637426900584842e+02
1.239347914135277477e+02 1.257084837545126419e+02 1.292764456981664409e+02 1.337155425219941378e+02
1.288110337715906155e+02 1.272484258729250115e+02 1.325266343825665842e+02 1.312500000000000000e+02
1.226142443962400534e+02 1.243113821138211392e+02 1.218238410596026426e+02 1.244056224899598391e+02
1.241487135990952737e+02 1.274492753623188435e+02 1.381935266351989071e+02 1.289978614200171023e+02
1.281635290738661581e+02 1.228797086658007061e+02 1.192238678439191091e+02 1.207253928866832098e+02
1.257558320373250353e+02 1.134361413043478279e+02 1.190211726384364823e+02 1.287351351351351241e+02
1.279700223089793667e+02 1.232848484848484816e+02 1.200160642570281055e+02 1.191428571428571388e+02
1.256250518457071763e+02 1.265625000000000000e+02 1.262472480948348874e+02 1.259464285714285694e+02
1.269153189169543907e+02 1.255006967022758886e+02 1.297470852017937091e+02 1.301757812500000000e+02
1.264166895793236165e+02 1.264104631927212523e+02 1.281893252769385754e+02 1.255046683046683000e+02
1.246598432055749157e+02 1.243355140186915833e+02 1.227896405919661760e+02 1.239146825396825449e+02
1.256485106382978785e+02 1.256226415094339615e+02 1.282130013831258566e+02 1.318666666666666742e+02
1.260151658767772460e+02 1.271622670807453375e+02 1.285008237232289900e+02 1.267435897435897374e+02
1.262521186440677923e+02 1.251707105719237489e+02 1.253012048192771033e+02 1.246545454545454561e+02
1.267818930041152328e+02 1.291147058823529505e+02 1.305310519645120451e+02 1.276713286713286664e+02
1.242661217075386020e+02 1.219001848428835473e+02 1.217797681770284441e+02 1.243148148148148096e+02
1.240129068462401847e+02 1.215292153589315518e+02 1.221420765027322375e+02 1.203986409966024951e+02
1.223222748815165914e+02 1.233771929824561369e+02 1.221788617886178798e+02 1.255101351351351298e+02
1.255707197030821334e+02 1.255103659040224642e+02 1.256111277744451087e+02 1.265595805529075335e+02
1.342635071090047347e+02 1.367763691683570073e+02 1.326457142857142912e+02 1.261506849315068450e+02
1.267457027300303309e+02 1.288286852589641569e+02 1.261621621621621614e+02 1.312350877192982352e+02
1.256566701137538757e+02 1.267391304347826093e+02 1.262282352941176526e+02 1.369900000000000091e+02
1.266369426751592329e+02 1.271454683929931520e+02 1.258709122203098048e+02 1.258281481481481450e+02
1.269293253786140383e+02 1.263510928961748618e+02 1.257000000000000028e+02 1.248815789473684248e+02
1.282385012919896781e+02 1.279201356187605967e+02 1.261991828396322717e+02 1.256209424083769619e+02
1.266421616358325224e+02 1.144522003034901303e+02 1.278227305218012901e+02 1.246367346938775569e+02
1.278912902177445545e+02 1.274758876523582387e+02 1.273052699228791766e+02 1.253211488250652792e+02
1.255427176566314103e+02 1.271784946236559080e+02 1.256042841037204028e+02 1.270524737631184422e+02
1.778539870689655231e+02 1.693855072463768181e+02 1.866387195121951095e+02 1.502826086956521863e+02
1.293480481260278623e+02 1.319398433594400899e+02 1.525383944153577715e+02 1.400566502463054235e+02
1.612547086780496386e+02 1.646408217362491655e+02 1.378560331434489967e+02 1.549513466550825456e+02
1.295202222005652573e+02 1.385378486055776932e+02 1.594056567222006890e+02 1.737827751196172130e+02
1.291351604835348041e+02 1.398751491053677967e+02 1.531027580071174441e+02 1.637348837209302417e+02
1.473386889460154237e+02 1.651352916839056775e+02 1.591892624728850194e+02 1.327501601537476006e+02
1.248162762022194840e+02 1.210020242914979747e+02 1.393028673835125346e+02 1.238436578171091469e+02
8.041768779968033698e+01 1.057831632653061291e+02 1.242725988700564983e+02 1.092484567901234556e+02
1.256820027063599525e+02 1.384233301975540940e+02 1.240426229508196769e+02 9.691489361702127781e+01
1.396467889908256552e+02 1.471287023977432966e+02 1.487838125665601581e+02 1.437211895910780584e+02
1.273792592592592570e+02 1.277485582468281393e+02 1.286978260869565247e+02 1.202096774193548328e+02
1.323991111111111252e+02 1.269925705794947959e+02 1.218083832335329362e+02 1.266818181818181870e+02
1.233399889073765934e+02 1.255810055865921839e+02 1.297304347826086826e+02 1.218142695356738443e+02
1.645036972818603829e+02 1.326584749812274140e+02 1.690237208899662278e+02 1.841117401986967081e+02
1.594296296296296305e+02 1.605972644376899723e+02 1.578541666666666572e+02 1.042745098039215748e+02
1.200354716065361629e+02 1.286322367645324789e+02 1.276776971533370499e+02 1.234982815057283148e+02
1.248853783982365968e+02 1.265906148867313874e+02 1.258894927536231876e+02 1.293661257606490835e+02
1.280752400235125208e+02 1.280102151265052157e+02 1.285910277324632887e+02 1.280179760319574029e+02
1.759648265754763088e+02 1.742083805209512946e+02 1.691457286432160743e+02 1.201666666666666714e+02
1.280000000000000000e+02 1.280000000000000000e+02 1.280000000000000000e+02 1.280000000000000000e+02
1.104195688225538987e+02 1.163374233128834305e+02 1.092521847690387062e+02 1.190398322851153097e+02
1.282978900610771689e+02 1.264312908982748382e+02 1.212582938388625564e+02 1.250929557007988393e+02
1.292963983296601214e+02 1.330606409960802523e+02 1.348952955367913091e+02 1.480727136431784174e+02
1.504363746589875745e+02 1.599331844726897884e+02 1.480912196788520703e+02 1.580099958350687075e+02
1.286436303080766095e+02 1.178741058655221678e+02 1.403963691376702059e+02 1.373963414634146432e+02
1.327368775235531757e+02 1.325408450704225345e+02 1.340916496945010294e+02 1.299295774647887356e+02
1.394252068746021678e+02 1.507094098883572428e+02 1.538376690946930410e+02 1.479620253164557084e+02
1.594873949579831844e+02 1.662197231833910109e+02 1.517396694214876050e+02 1.306867469879518069e+02
1.323166769483857763e+02 1.310010520778537568e+02 1.283922651933701786e+02 1.335204819277108470e+02
1.292697213037316999e+02 1.302292817679557970e+02 1.284683544303797476e+02 1.301666666666666572e+02
1.280191675794085313e+02 1.286458170445660585e+02 1.277129411764705935e+02 1.326071428571428612e+02
1.252330521241337777e+02 1.274746317512274913e+02 1.289720758693361518e+02 1.207337514253135708e+02
1.360135493372606845e+02 1.400251215559157174e+02 1.376151603498542215e+02 1.317307692307692264e+02
1.361308375144731713e+02 1.353780590717299503e+02 1.188534322820037090e+02 1.362361111111111143e+02
1.280755274261603347e+02 1.280656250000000114e+02 1.321578947368421098e+02 1.331666666666666572e+02
1.298198757763975095e+02 1.288727948003713664e+02 1.323559782608695627e+02 1.309365079365079225e+02
1.338352075240237298e+02 1.418967404235070262e+02 1.356633687855552921e+02 1.325196735645584454e+02
1.270753396459448368e+02 1.236346749226006239e+02 1.282526753864447073e+02 1.302238899312069975e+02
1.270687247335538359e+02 1.263561718325176741e+02 1.198763982102908301e+02 1.286559633027522977e+02
1.274506227469941990e+02 1.261266989578746518e+02 1.282854507894348615e+02 1.226929757343550449e+02
1.268441343424787107e+02 1.315693430656934311e+02 1.255891472868216994e+02 1.241875000000000000e+02
1.240418166712821915e+02 1.304194269457427424e+02 1.312989323843416400e+02 1.255052713783678229e+02
8.527731092436974336e+01 1.224006024096385516e+02 1.010177993527508136e+02 1.350159817351598122e+02
1.593056416615003172e+02 1.768054662379421131e+02 1.848144044321329602e+02 1.411862068965517381e+02
1.253405797101449224e+02 1.251570048309178702e+02 1.253457106274007629e+02 1.272189349112425987e+02
1.293750408363279973e+02 1.315641177165819613e+02 1.441919275123558464e+02 1.334230769230769340e+02
1.255572454583861486e+02 1.277807767351110328e+02 1.294021045368293983e+02 1.302777358015363234e+02
1.262406467977171900e+02 1.270356835240556137e+02 1.165282286520818644e+02 1.242562170308967637e+02
1.299632267830113221e+02 1.296633221850613040e+02 1.308429037833685413e+02 1.310919245089228298e+02
1.283797363003197631e+02 1.225995374249991556e+02 1.201143043053898651e+02 1.267717049032838474e+02
1.165006468305303997e+02 1.252342402123423994e+02 1.174728571428571371e+02 1.234842767295597525e+02
1.310858980248047772e+02 1.346988950276243031e+02 1.345100286532951372e+02 1.288358208955223745e+02
1.072982787573467647e+02 1.204578804347826093e+02 1.203712660028449477e+02 1.226774193548387046e+02
1.260317989307783080e+02 1.441186440677966232e+02 1.301477084483710769e+02 1.352669201520912452e+02
1.393040969417195640e+02 1.421856513530522363e+02 1.385784499054820458e+02 1.333222222222222229e+02
1.486719532554257057e+02 1.523627546071774930e+02 1.400344086021505348e+02 1.329312977099236548e+02
1.382164335664335795e+02 1.441794871794871824e+02 1.319356530028598797e+02 1.602803203661327132e+02
1.301236805874254117e+02 1.385358306188925042e+02 1.480442804428044212e+02 1.559117647058823479e+02
1.343380341880341859e+02 1.327417417417417482e+02 1.291648351648351536e+02 1.271651376146788976e+02
1.276262684836184462e+02 1.298704974271012134e+02 1.308260381593715067e+02 1.478669724770642233e+02
1.280000000000000000e+02 1.280000000000000000e+02 1.280000000000000000e+02 1.280000000000000000e+02
1.428459403192227626e+02 1.388783273085770702e+02 1.545696280356593775e+02 1.531879111842105203e+02
1.254458398744113055e+02 1.258600138600138649e+02 1.248454106280193230e+02 1.229876543209876587e+02
1.247674614305750396e+02 1.245357917570498927e+02 1.262500000000000000e+02 1.298750000000000000e+02
1.243439360119047592e+02 1.314702719797596444e+02 1.237224566338490348e+02 1.760752895752895881e+02
1.268377275580665469e+02 1.297211961301671010e+02 1.356796875000000000e+02 1.407830508474576163e+02
1.281147368421052590e+02 1.269845031905196038e+02 1.311728155339805824e+02 1.288428184281842732e+02
1.282618461538461645e+02 1.274052224371373256e+02 1.493853658536585272e+02 7.787050359712230829e+01
1.340774240231548617e+02 1.409254526091586683e+02 1.409205816554809871e+02 1.297379134860050840e+02
1.295242782152230916e+02 1.284233183856502194e+02 1.325810564663023570e+02 1.394407582938388543e+02
1.273147668393782368e+02 1.331014851485148540e+02 1.285916635927702032e+02 1.389739130434782624e+02
1.372177858439201543e+02 1.395166693771344910e+02 1.465675984959947584e+02 1.299575113808801348e+02
1.285585246293639443e+02 1.284495994365701108e+02 1.290262527546229876e+02 1.303740404745289538e+02
1.313043214161749290e+02 1.315414564739361083e+02 1.256932440657334098e+02 1.292413941480206461e+02
1.273689000774593296e+02 1.261417857979845394e+02 1.265725181598062932e+02 1.277092502434274621e+02
1.320071250445315343e+02 1.389252077562326804e+02 1.408399830220712943e+02 1.305607940446650161e+02
1.297530999270605321e+02 1.270727353859883948e+02 1.289555884529977732e+02 1.208842676311030715e+02
1.301888968997837139e+02 1.221794195250659669e+02 1.283415841584158557e+02 1.276031746031746081e+02
1.313615062761506351e+02 1.289202657807308867e+02 1.314490818030050150e+02 1.311174863387978178e+02
1.344867132867132966e+02 1.404291287386215856e+02 1.448951486697965549e+02 1.375399999999999920e+02
1.289338177533385590e+02 1.296256983240223519e+02 1.286245019920318668e+02 1.310028653295129004e+02
1.289268435713238432e+02 1.297584287039900914e+02 1.310161290322580783e+02 1.307300275482093639e+02
1.620461672473867623e+02 1.566458500561888059e+02 1.457163828537874224e+02 1.272054409005628486e+02
1.222225237449118111e+02 1.215160796324655479e+02 1.274072580645161281e+02 1.224159999999999968e+02
1.292843909217230305e+02 1.296125137211855076e+02 1.446035714285714278e+02 1.501234567901234698e+02
1.411636440320539805e+02 1.394584755403868144e+02 1.440681114551083510e+02 1.503252032520325088e+02
1.225255539143279151e+02 1.199357262103505803e+02 1.192790909090909111e+02 1.183456790123456841e+02
1.285162308385933159e+02 1.283558926487747840e+02 1.280396825396825591e+02 1.285682182985553652e+02
1.322086247086247113e+02 1.335878991596638627e+02 1.325791533262184316e+02 1.325000000000000000e+02
1.267309711286089282e+02 1.370317779565567093e+02 1.277135506003430550e+02 1.458009259259259238e+02
1.259218315203642788e+02 1.378011634056055073e+02 1.275339425587467304e+02 1.484942857142857235e+02
1.271831425598335130e+02 1.333344280240831949e+02 1.420591397849462396e+02 1.529747899159663973e+02
1.347538392050587106e+02 1.239341938749683578e+02 1.433378607809847267e+02 1.069407894736842053e+02
1.198073788073788108e+02 1.199480894015861594e+02 1.223218480814408764e+02 1.198472222222222285e+02
1.275570731707317123e+02 1.265212279555845782e+02 1.277116052814454434e+02 1.303106060606060623e+02
1.262388852023888575e+02 1.279884910485933460e+02 1.286023166023165913e+02 1.310434782608695627e+02
1.670318555008210240e+02 1.598359840954274489e+02 1.630787444933920654e+02 1.497168894289185914e+02
1.321766666666666765e+02 1.316418181818181949e+02 1.342316017316017280e+02 1.343004807692307736e+02
1.426494445879617672e+02 1.440216836734693970e+02 1.453662239089184141e+02 1.380344827586206975e+02
1.338790507167811086e+02 1.305295415543025115e+02 1.439963057030708740e+02 1.308159757330637092e+02
1.208606522659889890e+02 1.246683976261127640e+02 1.181157894736842167e+02 1.262125984251968447e+02
1.323599685616976558e+02 1.344629336404203173e+02 1.320098225602027640e+02 1.395288461538461604e+02
1.218995904262127254e+02 1.202767753874624077e+02 1.180181562736409830e+02 1.249747526441487508e+02
1.255309667673715950e+02 1.178947804473902181e+02 1.333303769401330499e+02 1.195223880597014983e+02
1.297494077834179507e+02 1.438892711917422673e+02 1.416011494252873604e+02 1.414170616113744074e+02
1.256702112010087262e+02 1.274627236264086036e+02 1.298134633747101248e+02 1.242546296296296333e+02
1.253817296385295776e+02 1.279515699840340659e+02 1.246156186612576136e+02 1.301747646909183516e+02
1.242991720516962886e+02 1.229141559062649520e+02 1.319432753888380603e+02 1.248600405679513159e+02
1.368999886350721624e+02 1.187075812274368189e+02 1.274629341627786374e+02 1.219574643249176660e+02
1.252386437168370605e+02 1.238976788252013250e+02 1.308306332842415429e+02 1.276355996944232203e+02
1.308753557199772217e+02 1.598012711864406867e+02 1.526861313868613195e+02 1.536867469879518069e+02
1.293810623556582016e+02 1.286276595744680833e+02 1.321461897356143140e+02 1.332474747474747403e+02
1.329355183469896815e+02 1.324940047961630682e+02 1.313478260869565304e+02 1.308807339449541303e+02
1.269739178690344090e+02 1.275353535353535364e+02 1.291571428571428442e+02 1.391999999999999886e+02
1.365561694290975936e+02 1.305875152998775945e+02 1.327257769652650836e+02 1.311651376146789119e+02
1.443587092731829671e+02 1.414763477519710193e+02 1.294819147298753137e+02 1.357767653758542110e+02
1.302095668859649038e+02 1.322736797544713738e+02 1.210997599759975998e+02 1.260230927835051489e+02
1.377579787234042499e+02 1.321396848137535756e+02 1.324322169059011287e+02 1.432513966480447039e+02
1.338894927536231876e+02 1.317283044058744963e+02 1.321639344262295026e+02 1.348199999999999932e+02
1.340071394574012515e+02 1.373088235294117680e+02 1.472812500000000000e+02 1.361162790697674438e+02
1.281406628940986252e+02 1.209465875370919861e+02 1.282619047619047592e+02 1.213695652173912976e+02
1.286838709677419388e+02 1.296289237668161434e+02 1.385927601809954695e+02 1.375011682242990787e+02
1.321862045531770207e+02 1.297103524229074765e+02 1.393036437246963430e+02 1.341343283582089612e+02
1.251264501160092806e+02 1.305733944954128560e+02 1.578969072164948386e+02 1.170000000000000000e+02
1.215028790786948178e+02 1.249386909693454868e+02 1.217199582027168248e+02 1.262573839662447313e+02
1.329905586152635806e+02 1.355069808027923273e+02 1.384480874316939776e+02 1.299642857142857224e+02
1.162176115802171239e+02 1.155906509392747950e+02 1.159191176470588260e+02 1.190141843971631204e+02
1.150593709884467302e+02 1.119817444219066971e+02 1.142834645669291405e+02 1.090074309978768525e+02
1.266073267089668377e+02 1.216292070735881339e+02 1.143215144230769198e+02 1.207963917525773212e+02
1.260289158589231846e+02 1.196724814653292697e+02 1.186551397441970579e+02 1.042415949960906971e+02
1.312800643826167004e+02 1.271181010289990638e+02 1.311821912187115231e+02 1.326861313868613195e+02
1.372930204572803916e+02 1.286215943491422706e+02 1.334537037037036953e+02 1.402403100775193820e+02
1.578512323943662068e+02 1.620031589067435789e+02 1.640996563573883122e+02 1.356751787538304370e+02
1.384074844074844179e+02 1.569208381839348192e+02 1.543354231974921618e+02 1.456887417218543135e+02
1.235634971282705834e+02 1.227925356750823340e+02 1.293256172839506064e+02 1.374813559322033996e+02
1.627312844759653387e+02 1.565617566331198418e+02 1.653659793814433101e+02 1.485690607734806576e+02
1.228873343151693689e+02 1.195900000000000034e+02 1.258717948717948758e+02 1.150000000000000000e+02
1.406216310206920639e+02 1.389816726353486445e+02 1.385928473177441447e+02 1.421977052074139465e+02
1.312566752799311018e+02 1.566054905948144267e+02 1.478683206106870216e+02 1.487416666666666742e+02
1.465585605721948923e+02 1.482131541046567520e+02 1.405684007707129126e+02 1.355136986301369859e+02
1.049383919248172674e+02 9.866101694915253972e+01 1.343224852071005841e+02 1.192485345838218080e+02
1.031573631047315303e+02 1.180417422867513579e+02 1.409799999999999898e+02 1.220958904109589014e+02
1.283266287713161375e+02 1.433185011709601895e+02 1.466541353383458670e+02 1.252093023255813904e+02
1.232594059405940641e+02 1.236708160442600217e+02 1.305071633237822368e+02 1.317734806629834168e+02
1.273955609607783543e+02 1.215879310344827644e+02 1.272696969696969660e+02 1.295745192307692264e+02
1.252915243713132583e+02 1.249873370577281122e+02 1.257851985559566828e+02 1.269651741293532297e+02
1.255296145408962758e+02 1.238835904628330979e+02 1.184016620498614998e+02 1.583687943262411295e+02
1.216876626756897508e+02 1.374827586206896513e+02 1.304527845036319604e+02 1.329160839160839203e+02
1.259218705562101377e+02 1.271929691929691870e+02 1.253208133295679119e+02 1.253979591836734642e+02
1.280000000000000000e+02 1.280000000000000000e+02 1.280000000000000000e+02 1.280000000000000000e+02
1.158621076233183800e+02 1.183727344365642296e+02 1.194410958904109634e+02 1.170778210116731515e+02
1.314343657817109090e+02 1.298470906630581965e+02 1.343752417794970881e+02 1.320150862068965409e+02
1.239259184902630011e+02 1.239903609515996692e+02 1.177205882352941160e+02 1.357858769931662835e+02
1.258451742627345880e+02 1.254858096828046712e+02 1.274557213930348212e+02 1.281068493150685015e+02
1.392148394570350831e+02 1.370445957316606780e+02 1.343338005793850982e+02 1.348287914691943001e+02
1.280003648001061265e+02 1.264163431529268422e+02 1.285947151681537264e+02 1.268646441073512250e+02
1.286161232821574458e+02 1.284167702893144281e+02 1.259497688751926034e+02 1.891884456671251655e+02
1.280242725765113789e+02 1.304365768599562330e+02 1.243329076202639385e+02 1.214255319148936110e+02
1.335055821371610705e+02 1.333108852181279076e+02 1.337127845884413375e+02 1.596370370370370324e+02
1.503540137869690909e+02 1.437694643843180700e+02 1.363026151930261562e+02 1.536965317919075176e+02
1.279205931338311899e+02 1.284321573948439550e+02 1.329859428017450398e+02 1.511359832635983196e+02
1.379128855610192090e+02 1.394246947082768031e+02 1.350336829117828472e+02 1.050585365853658573e+02
1.308146081663707889e+02 1.335011494252873661e+02 1.312555260831123007e+02 1.321991341991341926e+02
1.522934106920845352e+02 1.584056902002107563e+02 1.415998071359691437e+02 1.503909395973154233e+02
1.299908449832982740e+02 1.301977711948088654e+02 1.246156118799564609e+02 1.275919445361505495e+02
1.239707125603864739e+02 1.233196099674972857e+02 1.293499999999999943e+02 1.280810810810810949e+02
1.253391357771861578e+02 1.247312646370023401e+02 1.245900621118012452e+02 1.252058823529411740e+02
1.388584447144592957e+02 1.388404360753220885e+02 1.406617100371747142e+02 1.315068181818181756e+02
1.302935438098616601e+02 1.305638369736545883e+02 1.297305568338702244e+02 1.295275610369997423e+02
1.326385978654655844e+02 1.375320817000206262e+02 1.406563665423548173e+02 1.366180203045685175e+02
1.345237847480303230e+02 1.366505937387549352e+02 1.371557971014492807e+02 1.386516613076098565e+02
1.311586708611875736e+02 1.316096194256362253e+02 1.313055314219519119e+02 1.309558052434456954e+02
1.321638122103566388e+02 1.311635343618513332e+02 1.353221343873517810e+02 1.328879142300195042e+02
1.304011249586412191e+02 1.322819678061132151e+02 1.332283464566929183e+02 1.315782881002087663e+02
1.324016122189223665e+02 1.341389141643918776e+02 1.309453355155482939e+02 1.353590455049944410e+02
1.301494591937069742e+02 1.341066506890353480e+02 1.296876763875823144e+02 1.280846456692913478e+02
1.168920308483290427e+02 1.137533166009322372e+02 1.122159810126582329e+02 1.249173204586602282e+02
1.259210803226937969e+02 1.261658031088082907e+02 1.362847222222222285e+02 1.464868421052631504e+02
1.290827476038338659e+02 1.218050668543279329e+02 1.269744341994970682e+02 1.285446096654275152e+02
1.275797006206644824e+02 1.286303912850155484e+02 1.346837648197435158e+02 1.388301239778422485e+02
1.360397303778598825e+02 1.450388912763214364e+02 1.006158663883089730e+02 1.310149051490514864e+02
1.483286852589641569e+02 1.364134649590892820e+02 1.531251596424010302e+02 1.475540540540540633e+02
1.172822440717177557e+02 1.179429109159347604e+02 1.327484848484848499e+02 1.379083333333333314e+02
1.173474380165289261e+02 1.176241830065359437e+02 1.355797101449275317e+02 1.352045454545454675e+02
1.170986175115207431e+02 1.178293683347005754e+02 1.302935779816513673e+02 1.356736842105263179e+02
1.178262331838565018e+02 1.195362198168193117e+02 1.245666666666666629e+02 1.295526315789473699e+02
1.219139138044191668e+02 1.247781961628115539e+02 1.264019570944674484e+02 1.236757679180887379e+02
1.230498301245753083e+02 1.241677237491191050e+02 1.226515957446808471e+02 1.191946902654867273e+02
1.342957065680977848e+02 1.253137813211845071e+02 1.221286173633440484e+02 1.361902017291066329e+02
1.280000000000000000e+02 1.280000000000000000e+02 1.280000000000000000e+02 1.280000000000000000e+02
1.295940334341099174e+02 1.529833902514747024e+02 1.409521531100478455e+02 1.488894052044609566e+02
1.357266932270916300e+02 1.434641101278269559e+02 1.319629629629629619e+02 1.352064220183486327e+02
1.269442119944211953e+02 1.287005813953488484e+02 1.282206119162640903e+02 1.264216417910447774e+02
1.237593803786574824e+02 1.265984639223876513e+02 1.210755511022044146e+02 1.318868601238995666e+02
1.290774714330642610e+02 1.307765828536807078e+02 1.291624621594349094e+02 1.296378698224852144e+02
1.288460952380952449e+02 1.277686649503493896e+02 1.299926612591734170e+02 1.280828320222119316e+02
1.268677762653136938e+02 1.291437500000000114e+02 1.301263946711074198e+02 1.299369158878504606e+02
1.281426762346981718e+02 1.296309784993418077e+02 1.286164574616457514e+02 1.317584158415841671e+02
1.357893242475865918e+02 1.283792514773473386e+02 1.307039632143639096e+02 1.276090361445783117e+02
1.317761324041811974e+02 1.250929648241205996e+02 1.247991886409736253e+02 1.282888888888888914e+02
1.291206391478029332e+02 1.327121951219512255e+02 1.314906976744186125e+02 1.334695652173913061e+02
1.378194140795802412e+02 1.345385656292286853e+02 1.385529891304347814e+02 1.265310077519379774e+02
1.246299761224409934e+02 1.219446091546749642e+02 1.255817694369973196e+02 1.216718266253869984e+02
1.282269357495881366e+02 1.073455497382199013e+02 8.710606060606060908e+01 7.956250000000000000e+01
1.318899092719628356e+02 1.336529284164859064e+02 1.343223443223443212e+02 1.348668555240793125e+02
1.338787661406025791e+02 1.446281227694503855e+02 1.350336391437308805e+02 1.436603448275862149e+02
1.290823071937783482e+02 1.326375722543352538e+02 1.373083434099153521e+02 1.888476903870162289e+02
1.317551923731699048e+02 1.383493975903614341e+02 1.395069851284362414e+02 1.204885993485342084e+02
1.304993042026162016e+02 1.282273049645390017e+02 1.258344396720031284e+02 1.298805970149253710e+02
1.271857686040195574e+02 1.264766444232602538e+02 1.281511627906976685e+02 1.318691588785046633e+02
1.283909826912339440e+02 1.283941061601278193e+02 1.294487714418173425e+02 1.275257890685142428e+02
1.304936247723132965e+02 1.280590909090909122e+02 1.286597774244833090e+02 1.319333333333333371e+02
1.289114521841794669e+02 1.286612349914236688e+02 1.286596491228070249e+02 1.352542372881355845e+02
1.438024819027921524e+02 1.438729411764705901e+02 1.503516209476309200e+02 1.435016949152542338e+02
1.546197414806110544e+02 1.441978785988056018e+02 1.408033843674456023e+02 1.351635064578180732e+02
1.304681695680675944e+02 1.333819571865443550e+02 1.277482014388489233e+02 1.388023774145616756e+02
1.410891630628338760e+02 1.391264716375312105e+02 1.386522292993630572e+02 1.326376554174067621e+02
1.285934600088378374e+02 1.269675723049956133e+02 1.270763209393346358e+02 1.249856459330143537e+02
1.326831550802139077e+02 1.333765432098765302e+02 1.356514657980455922e+02 1.371647058823529335e+02
1.581213582273286704e+02 1.669575409111012902e+02 1.175814756671899488e+02 1.420520346897932029e+02
1.269844405594405572e+02 1.268832635983263657e+02 1.277935860058309032e+02 1.268838821490467978e+02
1.531668502202643083e+02 1.342985377741673574e+02 1.480418719211822633e+02 1.405534722222222115e+02
1.193401449655051891e+02 1.372194805194805269e+02 1.182631944444444514e+02 1.244491682070240302e+02
1.227598897957061865e+02 1.287363768681884437e+02 1.297861413999296474e+02 1.299209020531807539e+02
1.274642012121997823e+02 1.377600960180739946e+02 1.324131084337349478e+02 1.419521383356492095e+02
1.354851052200054653e+02 1.221068974993129927e+02 1.394327272727272771e+02 1.684924812030075145e+02
1.199915299100052977e+02 1.190193340494092382e+02 1.152168674698795172e+02 1.162237442922374413e+02
1.200040749796251021e+02 1.189679487179487154e+02 1.181417322834645631e+02 1.164084507042253591e+02
1.266071067699562178e+02 1.266448538754764996e+02 1.270621572212065757e+02 1.270916030534351080e+02
1.272216216216216225e+02 1.264562127464465817e+02 1.256043021510755437e+02 1.252841328413284145e+02
1.261566226232678076e+02 1.253925831202046055e+02 1.247607361963190158e+02 1.256116504854368969e+02
1.258003161222339372e+02 1.248903605592347361e+02 1.241281464530892436e+02 1.249890453834115789e+02
1.272469383210866170e+02 1.274898828541001023e+02 1.275452674897119323e+02 1.302900432900432861e+02
1.259452577975811636e+02 1.260045955882352899e+02 1.259884615384615358e+02 1.265231388329979865e+02
1.267016071428571422e+02 1.273105502979319965e+02 1.255031083481349867e+02 1.285143442622950829e+02
1.587028716680406717e+02 1.426431976937576280e+02 1.573176130895091376e+02 1.445472998851014950e+02
1.299544410413475930e+02 1.301767028627837988e+02 1.295399999999999920e+02 1.282732558139534831e+02
1.064348113831899383e+02 1.252581244196843073e+02 1.110396618985695767e+02 1.155975359342915851e+02
1.280365906155832931e+02 1.326312769010042985e+02 1.423214285714285836e+02 1.339642857142857224e+02
1.057958322342389863e+02 1.201600896860986580e+02 1.226285541439806366e+02 9.547398843930635337e+01
1.280979553019495825e+02 1.296747572815534113e+02 1.282970297029702920e+02 1.288652373660030719e+02
1.300476315789473745e+02 1.338933423913043441e+02 1.329603174603174693e+02 1.320825688073394417e+02
1.275954486626402087e+02 1.273240624439260671e+02 1.293298768632533893e+02 1.296212664277180409e+02
1.263926907547365204e+02 1.252016103059581269e+02 1.272309753483386885e+02 1.271084112149532643e+02
1.271754426304897692e+02 1.275137529137529100e+02 1.278934613625971650e+02 1.278728403593642042e+02
1.268125130344108413e+02 1.264613259668508221e+02 1.168800813008130035e+02 1.308378787878787932e+02
1.270095283594766045e+02 1.265380878173984769e+02 1.250205187055313303e+02 1.921337719298245474e+02
1.358895674628792847e+02 1.354028522831349051e+02 1.375618964003511735e+02 1.347995435526816266e+02
1.462183364839319495e+02 1.323180451127819595e+02 1.351455696202531556e+02 1.304645669291338663e+02
1.296702165424210023e+02 1.298473053892215603e+02 1.304245283018867951e+02 1.310000000000000000e+02
1.274135819311808433e+02 1.275025749772796075e+02 1.325118910182405898e+02 1.299825581395348877e+02
1.381142454160789725e+02 1.472977528089887755e+02 1.541980582524271881e+02 1.432550335570469713e+02
1.215558722919042225e+02 1.226573426573426531e+02 1.260483870967741922e+02 1.287978723404255277e+02
1.276995486782720803e+02 1.267054455445544505e+02 1.265958646616541330e+02 1.271411290322580641e+02
1.304740663900414859e+02 1.297558441558441586e+02 1.312738095238095184e+02 1.294427480916030504e+02
1.349317369162422722e+02 1.289433103627616788e+02 1.340855683269476515e+02 1.271496899911426084e+02
1.167479806138933753e+02 1.216826156299840562e+02 1.210311688311688272e+02 1.215212355212355249e+02
1.179829411764705895e+02 1.203951855566700146e+02 1.294342157250098637e+02 1.213331775700934543e+02
1.318994413407821185e+02 1.281234782608695753e+02 1.335829015544041454e+02 1.311584158415841443e+02
1.281901109437063440e+02 1.280250836120401345e+02 1.299309865678554843e+02 1.282180539273153670e+02
1.353508579773640008e+02 1.367943974630021273e+02 1.306364301389904767e+02 1.324047999999999945e+02
1.262773832580159308e+02 1.266757925072046049e+02 1.269091954022988489e+02 1.272264705882352871e+02
1.274455958549222743e+02 1.251944444444444429e+02 1.257857142857142918e+02 1.250527950310558936e+02
1.258208543867707903e+02 1.257327459618208536e+02 1.274765100671140914e+02 1.300547945205479436e+02
1.288377049180327845e+02 1.260712530712530679e+02 1.282246696035242337e+02 1.251208791208791240e+02
1.240331313131313067e+02 1.234984690753214949e+02 1.282509316770186274e+02 1.246500754147812984e+02
1.275281704568735961e+02 1.256832007487131477e+02 1.275953654188948292e+02 1.695543478260869676e+02
1.415182096191270489e+02 1.354347826086956559e+02 1.299610007358351709e+02 1.375393258426966270e+02
1.226976744186046488e+02 1.189068181818181813e+02 1.276187683284457535e+02 1.134526315789473614e+02
1.203305365422830704e+02 1.207395906845448081e+02 1.170792880258899658e+02 1.227806748466257716e+02
1.620984555984555868e+02 1.605904933028422192e+02 1.368625583566760042e+02 1.417997211895910823e+02
1.220460756275818284e+02 1.363199473337722054e+02 1.262619718309859138e+02 1.204095744680851112e+02
1.390822440198217578e+02 1.431593756869641538e+02 1.439484997760859812e+02 1.414685157421289432e+02
1.278573601854534871e+02 1.274137027330587841e+02 1.260545314900153642e+02 1.275960648148148096e+02
1.317332470055033866e+02 1.315106964041875415e+02 1.374222222222222172e+02 1.514626506024096386e+02
1.333586956521739069e+02 1.294189189189189051e+02 1.269021842355175664e+02 1.434881209503239745e+02
1.699552193798060102e+02 1.786977586831616520e+02 1.564722490931076209e+02 1.431937074593693637e+02
1.292830482115085431e+02 1.345168195718654545e+02 1.320418410041841071e+02 1.290428571428571445e+02
1.201729091841970245e+02 1.022761394101876675e+02 8.315285599356396062e+01 1.423296853625170968e+02
1.291248973783591509e+02 1.515826873385013016e+02 1.427603353570395939e+02 1.284506915213469540e+02
1.227017601043024797e+02 1.280822342901473974e+02 1.241800804828973810e+02 1.240383435582822074e+02
1.412606747787610573e+02 1.414743210451085247e+02 1.458671441001271774e+02 1.325750047411340802e+02
1.529189723320158123e+02 1.342773054283845511e+02 1.451969924812030115e+02 1.457950530035335817e+02
1.258658253072069044e+02 1.266909203021427430e+02 1.256636123621680383e+02 1.245927557513460613e+02
1.109065281899109863e+02 1.162921874999999972e+02 1.106061562746645563e+02 1.154057971014492807e+02
1.276365758754863862e+02 1.215210918114143936e+02 1.266032689450222932e+02 1.227386831275720169e+02
1.200438100901972405e+02 1.232365488697866880e+02 1.338444444444444343e+02 1.353030303030303116e+02
1.283719543805080434e+02 1.197266932270916300e+02 1.213968253968253919e+02 1.273888888888888857e+02
1.280000000000000000e+02 1.280000000000000000e+02 1.280000000000000000e+02 1.280000000000000000e+02
1.251457505086868025e+02 1.257118486012067962e+02 1.239896217397241571e+02 1.289254099806030638e+02
1.279844930662557800e+02 1.304502652070872273e+02 1.346591473950813054e+02 1.319655634900496750e+02
1.467637695546503380e+02 1.491311558639363568e+02 1.421610510895440314e+02 1.500346394094264610e+02
1.282462054011432997e+02 1.300321285140562111e+02 1.221219512195121979e+02 1.250000000000000000e+02
1.284013157894736707e+02 1.113225620311598334e+02 1.262038834951456323e+02 1.278107382550335558e+02
1.286228119706380539e+02 1.295656742556917607e+02 1.323241758241758248e+02 1.367812500000000000e+02
1.195591397849462396e+02 1.282942430703624836e+02 1.265705128205128176e+02 1.251959183673469340e+02
1.344450951683748201e+02 1.584453781512605133e+02 1.588904899135446556e+02 1.642184873949579753e+02
1.305453006770211175e+02 1.269149628252788062e+02 1.230372608257804643e+02 1.291183865898375984e+02
1.272746227996647121e+02 1.235422243854952598e+02 1.261747516072472308e+02 1.378758901322482302e+02
1.302163280662151976e+02 1.272154736080983355e+02 1.332487804878048792e+02 1.421764705882353041e+02
1.260742981606969977e+02 1.208867497168742915e+02 1.274330708661417333e+02 1.296338028169014081e+02
1.248505086245024387e+02 1.399154411764705799e+02 1.225891276864728212e+02 1.361838565022421506e+02
1.284750354107648604e+02 1.302597049689441064e+02 1.340654362416107404e+02 1.368260869565217490e+02
8.789639977498593737e+01 1.086626208136659955e+02 8.666084033613445570e+01 1.180825771324863922e+02
1.143416309012875587e+02 1.023135509396636991e+02 7.619816513761468002e+01 8.487283236994220204e+01
1.259999281646056772e+02 1.206657150357682013e+02 1.261156353611742418e+02 1.273511548571108989e+02
1.505263605442176811e+02 1.414536082474226930e+02 1.511652892561983492e+02 1.510362694300518172e+02
1.282512077294686037e+02 1.281952554744525514e+02 1.281308016877637215e+02 1.281409395973154233e+02
1.296261232349165482e+02 1.303008230452674923e+02 1.276926713947990493e+02 1.258950437317784292e+02
1.130329908058409956e+02 1.092108433734939723e+02 1.198016917293233092e+02 1.129288299155609110e+02
1.110330578512396755e+02 1.107762318840579780e+02 1.181154381084839997e+02 1.185344827586206833e+02
1.207812765957446857e+02 1.167381546134663353e+02 1.259941262848751791e+02 1.316256157635467900e+02
1.168787644787644808e+02 1.159246376811594246e+02 1.159344512195121979e+02 1.216258278145695328e+02
1.280000000000000000e+02 1.280000000000000000e+02 1.280000000000000000e+02 1.280000000000000000e+02
1.249165417291354316e+02 1.253146396008945516e+02 1.261961219955564530e+02 1.253870881328690103e+02
1.384010954286918036e+02 1.402756608933454743e+02 1.316400096641700941e+02 1.422930856553147692e+02
1.268175450300200140e+02 1.274664310954063637e+02 1.311057062675397447e+02 1.303437876960192909e+02
1.280000000000000000e+02 1.280000000000000000e+02 1.280000000000000000e+02 1.280000000000000000e+02
1.524629602464427194e+02 1.719568484328037812e+02 1.349000461680517162e+02 1.378488964346349803e+02
1.274965679190751473e+02 1.344982517482517608e+02 1.447448630136986196e+02 1.444166666666666572e+02
1.472302631578947398e+02 1.330159808230123986e+02 1.657384999999999877e+02 1.256102003642987199e+02
1.164134339080459739e+02 1.097099656357388255e+02 1.127761413843888079e+02 6.078132678132678279e+01
1.400760803408399227e+02 1.407122464312546981e+02 1.365325987144169062e+02 1.287082035306334262e+02
1.281793419856162757e+02 1.322410597360733391e+02 1.272436352571254758e+02 1.321997436836323629e+02
1.479545247839927242e+02 1.350654545454545428e+02 1.590825688073394417e+02 1.586199095022624306e+02
1.276295503211991473e+02 1.249249011857707501e+02 1.254068965517241310e+02 1.138373333333333335e+02
1.259387356269599536e+02 1.270780180180180139e+02 1.240398440883499376e+02 1.236613545816733080e+02
1.288619489559164606e+02 1.285092656142759040e+02 1.279004920721705787e+02 1.289544924154025693e+02
1.253027328203767610e+02 1.249588671611598159e+02 1.262808641975308603e+02 1.275952380952381020e+02
1.247603427172582684e+02 1.255908506810588534e+02 1.278318318318318347e+02 1.225296296296296248e+02
1.193257952519470706e+02 1.248123912752575961e+02 1.242531526697075464e+02 1.253138624338624396e+02
1.176589709762533005e+02 1.226933677863910361e+02 1.245617529880478145e+02 1.277765957446808471e+02
1.290757436369212030e+02 1.188026960784313673e+02 1.273439490445859832e+02 1.261722933643771825e+02
1.298316527838667298e+02 1.274029126213592207e+02 1.277236394557823189e+02 1.275936863543788178e+02
1.306101992966002285e+02 1.376878612716762973e+02 1.468932842686292588e+02 1.554375000000000000e+02
1.321217997989712103e+02 1.456137131820376567e+02 1.609424934152765445e+02 1.859202952029520191e+02
1.285100463678516292e+02 1.333548387096774093e+02 1.400169172932330923e+02 1.422704081632653015e+02
1.516870967741935488e+02 1.447682271680736790e+02 1.376621835443037867e+02 1.326873385012919755e+02
1.333636363636363740e+02 1.298592592592592609e+02 1.298979238754325252e+02 1.257719298245613970e+02
1.268325629173086782e+02 1.351776018099547514e+02 1.260400943396226410e+02 1.230999999999999943e+02
1.273329129886506905e+02 1.286258503401360542e+02 1.282839879154078631e+02 1.285537383177570234e+02
1.286968454951328340e+02 1.328015552099533352e+02 1.388900510204081513e+02 1.468828571428571479e+02
1.392120885588807937e+02 1.399844450633616475e+02 1.305924726831242424e+02 1.436302289829274343e+02
1.317438449449973916e+02 1.338135184067592149e+02 1.324183864915572144e+02 1.272058823529411740e+02
1.482176128093158525e+02 1.563494533221194160e+02 1.324051789794364140e+02 1.560169126691266968e+02
1.477825172724541858e+02 1.495225513744328794e+02 1.492377462207970780e+02 1.463625997719498173e+02
1.489317365269461106e+02 1.465866035182679354e+02 1.521971383147853771e+02 1.417511111111111006e+02
1.300844927044452106e+02 1.301743215031315231e+02 1.312372188139059404e+02 1.315991902834008158e+02
1.309369024856596582e+02 1.311196498054474660e+02 9.766029723991506728e+01 1.331541666666666686e+02
1.279641612742657912e+02 1.231182266009852242e+02 1.136557377049180388e+02 1.083148148148148096e+02
1.193904619970193721e+02 1.222350936967632009e+02 1.293180778032036642e+02 1.122458100558659169e+02
1.202296703296703271e+02 1.172982456140350820e+02 1.281363636363636260e+02 9.669281045751634451e+01
1.212217068645640126e+02 1.233884057971014556e+02 1.204836065573770441e+02 1.324251207729468547e+02
1.254387990762124758e+02 1.201728594507269747e+02 1.295873320537428128e+02 1.185547945205479436e+02
1.398684210526315894e+02 1.334887892376681577e+02 1.410954545454545439e+02 8.666197183098591950e+01
1.248310185185185190e+02 1.240693359375000000e+02 1.317179487179487296e+02 1.270070422535211208e+02
1.505312629399585944e+02 1.460486885503376868e+02 1.496738665109943440e+02 1.512929219600725901e+02
1.297157084653689481e+02 1.231406844106463865e+02 1.276512605042016872e+02 1.207814207650273204e+02
1.359070830159939192e+02 1.523164665523156032e+02 1.417482837528604023e+02 1.597842227378190216e+02
1.267903395169758483e+02 1.309238227146814495e+02 1.288254437869822482e+02 1.259041533546325837e+02
1.436765432098765416e+02 1.386847507331378324e+02 1.432476547842401544e+02 1.427183098591549424e+02
1.440691676436107969e+02 1.481065693430657007e+02 1.451901840490797611e+02 1.368877192982456279e+02
1.803960595094491453e+02 1.737915151515151422e+02 1.829298245614035068e+02 1.602941176470588118e+02
1.279907955292570705e+02 1.280499153976311391e+02 1.235137763371150754e+02 1.313688888888888755e+02
1.234073620515775787e+02 1.251439226987625091e+02 1.239512915129151338e+02 1.304967105263157805e+02
1.277346835443037918e+02 1.287979669631511968e+02 1.338864864864864899e+02 1.341808510638297776e+02
1.255835714285714317e+02 1.289382797110965271e+02 1.270617399438727801e+02 1.493070652173913118e+02
1.313070849213329438e+02 1.445343544684556321e+02 1.386325123152709295e+02 1.418265107212475584e+02
1.572302059271637233e+02 1.514653317712216563e+02 1.583067572398998948e+02 1.442462027552101631e+02
1.451176880222841135e+02 1.402629286880783752e+02 1.450803311499272183e+02 1.312072419106317511e+02
1.329478046373951656e+02 1.319906336088154148e+02 1.311539323325117721e+02 1.330429553264604863e+02
1.299314526996676022e+02 1.378112621359223340e+02 1.356363967906637527e+02 1.425670696603339138e+02
1.365029503644567797e+02 1.335577898891185953e+02 1.325401733427032127e+02 1.298974860335195558e+02
1.306924106545308462e+02 1.261123806768874687e+02 1.246853269537480031e+02 1.177652523223700740e+02
1.302170554152428963e+02 1.405671685857691102e+02 1.266693227091633531e+02 1.586935176358436479e+02
1.292366929521932093e+02 1.332001615508885379e+02 1.345299291997425541e+02 1.355434956105347055e+02
1.198679694947569061e+02 1.225428126621691689e+02 1.207387387387387321e+02 1.206477732793522222e+02
1.240640518051268231e+02 1.231428011643528890e+02 1.260084133117287735e+02 1.917150466045272879e+02
1.256708627325208454e+02 1.266623031294743242e+02 1.238614969135802539e+02 1.266760563380281752e+02
1.264467342342342278e+02 1.258614765100671207e+02 1.282094662638469345e+02 1.281298283261802453e+02
1.276698735568993897e+02 1.261507903203245178e+02 1.262552351527634755e+02 1.262319909245604066e+02
1.495108667190363860e+02 1.570747863247863165e+02 1.666161011310711899e+02 1.560830769230769306e+02
1.272295719844357933e+02 1.299925828970331452e+02 1.325537878787878867e+02 1.233006230529595086e+02
1.360130743369443280e+02 1.299143426294820642e+02 1.386573208722741413e+02 1.450000000000000000e+02
1.262135250266240689e+02 1.355352363960749358e+02 1.319544513457557002e+02 1.316263736263736348e+02
1.289210408254822653e+02 1.294443514644351581e+02 1.288957219251336994e+02 1.287777777777777715e+02
1.534426829268292636e+02 1.491906474820143842e+02 1.553711911357340796e+02 1.545979381443299019e+02
1.238651063829787233e+02 1.223944636678200624e+02 1.296609642301710608e+02 1.377878787878787818e+02
1.339769426751592221e+02 1.313500473036896778e+02 1.394865919063871331e+02 1.251695906432748586e+02
1.314628657164291212e+02 1.280459231490159198e+02 1.429698795180722755e+02 1.369974874371859244e+02
1.153029971260435218e+02 1.196336734693877588e+02 1.140077348066298413e+02 1.165747879722436409e+02
1.292611964171465218e+02 1.314079743241575216e+02 1.294120353982301026e+02 1.315336273428886500e+02
1.294470241988227599e+02 1.300356115107913695e+02 1.317362120564343684e+02 1.293033898305084790e+02
1.238812138151327673e+02 1.250646528881822945e+02 1.386368920159069944e+02 1.617044270833333428e+02
1.419073259125032394e+02 1.673877410468319624e+02 1.423863636363636260e+02 9.204651162790698038e+01
1.291377759607522364e+02 1.287810126582278372e+02 1.273608247422680364e+02 1.339296875000000000e+02
1.290653574716170624e+02 1.293724770642201918e+02 1.303779069767441854e+02 1.198017917133258692e+02
1.272153883851997023e+02 1.284686991869918700e+02 1.282185741088180180e+02 1.305628604382929723e+02
1.296833433193529004e+02 1.266948955916473381e+02 1.236241299303944317e+02 1.388499999999999943e+02
1.211308544869502981e+02 1.251168269230769283e+02 1.216985901798736052e+02 1.240389784946236489e+02
1.168332665330661371e+02 1.208566001899335163e+02 1.113010526315789406e+02 1.219295154185022056e+02
1.145227945529899358e+02 1.190062932662051622e+02 1.238414826498422769e+02 1.139515738498789403e+02
1.129172885572139364e+02 1.165265841223597931e+02 1.236023084994753418e+02 1.247795031055900665e+02
1.261959265275521744e+02 1.270765274634848794e+02 1.284547521600727578e+02 1.306180738786279676e+02
1.545317100792752001e+02 1.555464044253226916e+02 1.434180000000000064e+02 1.445390070921985739e+02
1.326739913544668639e+02 1.373728813559322077e+02 1.304670658682634610e+02 1.398293269230769340e+02
1.277661135753792223e+02 1.304303270152051653e+02 1.263911470525643779e+02 1.456247978436657604e+02
1.289229866165766509e+02 1.297056307911618092e+02 1.290541335686966988e+02 1.288833922261484020e+02
1.301684076792772373e+02 1.285771428571428601e+02 1.296815498154981583e+02 1.289313077939233949e+02
1.623692751328734687e+02 1.509496166484118191e+02 1.416534901658310730e+02 1.299405850091407615e+02
1.443172288058341053e+02 1.443064516129032313e+02 1.478800904977375694e+02 1.487720588235294201e+02
1.657670250896057382e+02 1.427095343680709618e+02 1.819259259259259238e+02 1.792642140468227296e+02
1.283412371134020589e+02 1.318148788927335602e+02 1.312684729064039288e+02 1.269685863874345557e+02
1.186986136226642543e+02 1.233956228956228927e+02 1.230818713450292421e+02 1.292836879432624073e+02
1.278538804638715476e+02 1.278374844333748399e+02 1.326883561643835492e+02 1.289909706546275459e+02
1.265558698727015496e+02 1.266832229580573994e+02 1.281407407407407391e+02 1.339652173913043498e+02
1.285652066115702610e+02 1.246619205652499716e+02 1.176381215469613295e+02 1.184360313315926874e+02
1.289584550730438366e+02 1.291810770603986782e+02 1.303177755710029828e+02 1.239969418960244667e+02
1.211878083157152872e+02 1.334011976047904113e+02 1.246246200607902779e+02 1.368771929824561369e+02
1.333395360480640761e+02 1.492838561591430846e+02 1.645448504983388602e+02 1.587722929936305718e+02
1.279986845566956077e+02 1.270009727626459153e+02 1.262781954887218063e+02 1.198995215311004756e+02
1.297560245879345189e+02 1.298127354657605110e+02 1.316860803324099720e+02 1.300682835820895491e+02
1.299381395629360156e+02 1.308234162297368925e+02 1.288552534900808269e+02 1.282495274102079463e+02
1.275551724137931018e+02 1.280494011976047943e+02 1.267009345794392488e+02 1.283770491803278730e+02
1.354192913385826671e+02 1.304320175438596436e+02 1.374777777777777885e+02 1.327763975155279468e+02
1.322294230769230694e+02 1.383699087469396716e+02 1.426901090635577418e+02 1.466225961538461604e+02
1.188546880836757538e+02 1.197925911251981006e+02 1.219295861642989536e+02 1.268492647058823479e+02
1.520098754830399344e+02 1.399771255934397800e+02 1.388654244306418093e+02 1.547117008443908333e+02
1.234684569059137118e+02 1.207115126484253977e+02 1.501497740477727518e+02 1.140943804034582172e+02
1.421193065405831248e+02 1.322529926335174935e+02 1.317976598510814199e+02 1.171357517537761481e+02
1.264916206592401409e+02 1.259121519335749326e+02 1.327916732626246699e+02 1.362557097118463219e+02
1.317122724603640620e+02 1.295679245283018872e+02 1.268455696202531584e+02 1.304343434343434467e+02
1.272669475058680888e+02 1.229064931102862630e+02 1.241029097331969950e+02 1.296506724827335404e+02
1.267760614272809363e+02 1.195391980849790485e+02 1.269038040231029640e+02 1.245020255531318156e+02
1.405521327014218116e+02 1.282943262411347405e+02 1.418576998050682221e+02 1.708588957055214621e+02
1.271107091172214183e+02 1.281826347305389220e+02 1.348990384615384528e+02 1.215750000000000028e+02
1.309031067363887928e+02 1.555026041666666572e+02 1.510488826815642369e+02 1.622541567695961930e+02
1.250600612598215520e+02 1.366975490196078340e+02 1.306660516605166151e+02 1.353807531380753062e+02
1.284908475925188895e+02 1.292222222222222285e+02 1.295918032786885306e+02 1.288435374149659935e+02
1.259641675854465319e+02 1.225847589424572277e+02 1.216131386861313928e+02 1.229062500000000000e+02
1.277008730028001935e+02 1.260104669887278561e+02 1.308602150537634543e+02 1.816795774647887356e+02
1.332807497071456453e+02 1.334502046384720302e+02 1.400029239766081730e+02 1.441065573770491710e+02
1.369982456140350848e+02 1.367340529931305184e+02 1.398656330749354026e+02 1.651233766233766289e+02
1.274803085667884659e+02 1.272394160583941556e+02 1.280451505016722535e+02 1.287898686679174602e+02
1.386516290726817147e+02 1.386422924901185638e+02 1.393047001620745675e+02 1.394787234042553052e+02
1.347499056247640681e+02 1.299393865030674817e+02 1.375710371819960756e+02 1.407418439716311980e+02
1.314489945692059223e+02 1.342149017728797276e+02 1.332749742533470680e+02 1.369724137931034420e+02
1.347269180754226170e+02 1.302883435582822074e+02 1.348757961783439612e+02 1.344904942965779355e+02
1.405955347871235688e+02 1.309274499187872323e+02 1.474161184210526301e+02 1.474177489177489235e+02
1.217623497997329736e+02 1.248252134605725701e+02 1.166846153846153840e+02 1.163922580645161275e+02
1.246018766756032221e+02 1.191600310237848959e+02 1.235408284023668699e+02 1.291359516616314238e+02
1.236314572089437149e+02 1.238065395095367904e+02 1.183849710982658934e+02 1.248342749529190172e+02
1.133573085846867770e+02 1.148228571428571456e+02 1.173153526970954346e+02 1.518780487804878021e+02
1.344518980759230260e+02 1.347770270270270316e+02 1.337093821510297573e+02 1.337500000000000000e+02
1.298234693877550967e+02 1.328085501858735995e+02 1.367560975609756042e+02 1.333846153846153868e+02
1.524087490406753602e+02 1.526399718177548266e+02 1.510637755102040956e+02 1.499646643109540776e+02
1.494447262139569830e+02 1.485029635901778136e+02 1.469707602339181278e+02 1.455942028985507193e+02
1.286722262509064478e+02 1.239080145719489963e+02 1.273908256880733916e+02 1.221446540880503164e+02
1.299349344978165846e+02 1.309774346793349196e+02 1.290091185410334447e+02 1.242030075187969942e+02
1.275199189736664351e+02 1.337744874715261858e+02 1.274988235294117658e+02 1.315429553264604863e+02
1.282071576049552561e+02 1.289599636032756962e+02 1.316790123456790127e+02 1.273166666666666629e+02
1.270824637906868020e+02 1.253909152186938343e+02 1.326626506024096273e+02 1.233084065866039367e+02
1.249381211388665065e+02 1.258888569512311904e+02 1.314946889226100097e+02 1.300958930276981960e+02
1.303728222996515740e+02 1.332643678160919478e+02 1.381711229946523929e+02 1.374642857142857224e+02
1.629014793586864016e+02 1.584686654174474256e+02 1.404120274914089350e+02 1.420974930362116879e+02
1.392892950742557616e+02 1.597325493171472033e+02 1.524098301409468661e+02 1.298755401901469213e+02
1.354864038295326054e+02 1.384128915934189763e+02 1.297920469361147298e+02 1.631310517529215360e+02
1.373143259967102665e+02 1.297176724137931103e+02 1.445035529715762266e+02 1.626905055487052891e+02
1.397737351102724404e+02 1.528424482856333100e+02 1.326487658438959443e+02 1.586359999999999957e+02
1.555830601577035566e+02 1.652655826558265630e+02 1.592634803921568505e+02 1.455000000000000000e+02
1.386529954906592366e+02 1.340717197924388415e+02 1.571507607192254454e+02 1.629689521345407570e+02
1.172323688969258626e+02 1.202357274401473290e+02 1.253993072736269170e+02 1.304977511244377695e+02
1.203710278053624592e+02 1.159009973465092855e+02 1.324651655119322697e+02 1.270971147079521444e+02
1.300940170940170901e+02 1.452026143790849630e+02 1.345777777777777828e+02 1.460943396226415132e+02
1.262389558232931677e+02 1.232180579216354346e+02 1.244045053868756128e+02 1.283300970873786468e+02
1.520364721485411224e+02 1.527168367346938851e+02 1.501426648721399602e+02 1.446779661016949206e+02
1.302769230769230830e+02 1.267350565428109803e+02 1.355185185185185048e+02 1.344705882352941160e+02
1.521350539899920875e+02 1.512887068339728387e+02 1.512606793993293479e+02 1.404142628205128176e+02
1.408069839751255756e+02 1.513632230361202460e+02 1.478115239633818021e+02 1.337171314741035815e+02
1.287370870172173056e+02 1.329704347826086916e+02 1.410181818181818301e+02 1.438377192982456165e+02
1.269924242424242493e+02 1.314216867469879446e+02 1.391273209549071623e+02 1.354457478005865028e+02
1.286211771871057579e+02 1.309422743055555429e+02 1.307517140773158246e+02 1.644120603015075517e+02
1.355794795422480092e+02 1.380791888419893496e+02 1.371419707123355636e+02 1.394253731343283675e+02
1.265960538116591891e+02 1.271740489441183257e+02 1.248482202820684961e+02 1.273412162162162105e+02
1.263664724385087368e+02 1.273092712494834018e+02 1.247915813424345828e+02 1.237319999999999993e+02
1.266223431389219485e+02 1.270602726991013327e+02 1.253195592286501352e+02 1.270204081632653015e+02
1.266499162479061908e+02 1.265363128491620159e+02 1.284272930648769488e+02 1.283937500000000114e+02
1.275612668743509914e+02 1.260044593088071281e+02 1.235985282093213442e+02 1.266250000000000000e+02
1.296349406261245178e+02 1.349172767203513956e+02 1.363088235294117680e+02 1.362238805970149258e+02
1.246748542145255385e+02 1.266907325311378543e+02 1.294543269230769340e+02 1.211609195402298838e+02
1.398512286916094638e+02 1.424779179810725509e+02 1.411724248240562929e+02 1.376719745222929987e+02
1.335447890843077232e+02 1.309800702072245429e+02 1.333768441759168297e+02 1.309820512820512874e+02
1.357320758761118782e+02 1.308998714239794197e+02 1.363783091374893388e+02 1.331786820613911573e+02
1.283064327485380147e+02 1.653454894433781135e+02 1.324920634920634939e+02 1.280381944444444571e+02
1.306837835163748025e+02 1.296416504223521713e+02 1.298176291793313055e+02 1.285898483080513302e+02
1.289534542789078273e+02 1.321936785474108831e+02 1.282435661764705799e+02 1.315185185185185048e+02
1.277316409791477838e+02 1.430437017994858593e+02 1.270464535464535487e+02 8.431999999999999318e+01
1.252464604090194058e+02 1.246555956678700312e+02 1.248209825145711847e+02 1.240173228346456682e+02
1.295212355212355249e+02 1.304204742625795177e+02 1.255043478260869563e+02 1.243239436619718248e+02
1.314028325980961256e+02 1.349037469920935166e+02 1.320364583333333428e+02 1.275052631578947313e+02
1.298753462603878006e+02 1.415399999999999920e+02 1.373557833089311941e+02 1.419472891566265105e+02
1.419412550066755614e+02 1.354779516358463809e+02 1.345398773006134832e+02 1.304236641221374100e+02
1.204331853048041978e+02 1.216304449648711881e+02 1.222897959183673464e+02 1.246496350364963490e+02
1.272472178060413341e+02 1.208173076923076934e+02 1.205000000000000000e+02 1.234545454545454533e+02
1.347995354654279083e+02 1.334109489051094783e+02 1.317052341597796215e+02 1.312898062342038656e+02
1.299339263024142213e+02 1.274813529921942745e+02 1.335225711481844826e+02 1.312950727883538775e+02
1.337166424065987371e+02 1.301925355450237021e+02 1.327097844112769565e+02 1.341282051282051384e+02
1.371473194890954801e+02 1.369126757343696283e+02 1.371503660146405821e+02 1.283482604817127424e+02
1.094050944946589965e+02 1.098399087799315907e+02 1.075454303931987283e+02 1.211020236087689739e+02
1.298839115213239950e+02 1.214516430826803912e+02 1.159144817073170799e+02 1.242616033755274287e+02
1.269243605466012639e+02 1.185651749616617820e+02 1.274153208517936235e+02 1.177598112270243433e+02
1.409386816555953033e+02 1.459328684552653215e+02 1.474532988357050556e+02 1.426223021582733850e+02
1.331623838162930440e+02 1.394518072289156692e+02 1.474787878787878697e+02 1.548333333333333428e+02
1.214046434494195665e+02 1.203023952095808369e+02 1.260097719869706907e+02 1.250074812967581011e+02
1.281732610451032315e+02 1.290958333333333314e+02 1.448177083333333428e+02 1.327709923664122016e+02
1.153502673796791385e+02 1.215514592933947711e+02 1.182491657397107900e+02 1.284716981132075375e+02
1.263095966990549783e+02 1.286908699966920153e+02 1.238437211449676880e+02 1.303488372093023315e+02
1.249793038570084605e+02 1.267143560093492454e+02 1.246432011331444727e+02 1.293142512805061699e+02
1.285163240628778851e+02 1.267424456368257495e+02 1.271536222509702441e+02 1.239605848696757846e+02
1.283518335962145045e+02 1.208973181028060537e+02 1.227702886710239625e+02 1.365636050021560948e+02
1.233835854633976652e+02 1.235135930208967352e+02 1.224192316088190324e+02 1.306022690437601170e+02
1.320551693404634648e+02 1.334276568501920508e+02 1.302066093498119415e+02 1.437964071856287376e+02
1.291327478898456889e+02 1.309082458770614608e+02 1.315196374622356359e+02 1.326813725490196134e+02
1.269187188279301779e+02 1.259894149503569309e+02 1.262486532810969635e+02 1.260225352112676092e+02
1.259738058551617854e+02 1.323689482470784640e+02 1.322081911262798712e+02 1.300788177339901495e+02
1.221333333333333400e+02 1.286785975164353601e+02 1.311399999999999864e+02 1.370495867768595133e+02
1.288614620938628264e+02 1.360700094607379356e+02 1.280747126436781684e+02 1.352570093457943869e+02
1.406154401154401228e+02 1.416685855263157805e+02 1.482074742268041234e+02 1.406676923076923060e+02
1.256013678553981379e+02 1.263251063829787171e+02 1.255264705882352985e+02 1.323279569892472978e+02
1.355759058450145460e+02 1.440327309921582071e+02 1.478920863309352569e+02 1.426312849162011105e+02
1.366036522392263635e+02 1.325080446155364768e+02 1.349842479151652412e+02 1.379218349564326047e+02
1.296898302515913883e+02 1.317593484744207331e+02 1.312124150088139061e+02 1.222972602739725971e+02
1.308410948949312740e+02 1.261377472055030040e+02 1.277746095598674856e+02 1.242742651723408756e+02
1.296229093737845233e+02 1.293090507726269323e+02 1.286358683314415430e+02 1.239838709677419359e+02
1.297736666842856437e+02 1.281010622154780094e+02 1.275674209547427154e+02 1.286178489702517140e+02
1.264227399016883879e+02 1.275241416309012834e+02 1.248798920377867745e+02 1.272163265306122497e+02
1.357609496520671257e+02 1.343568357695614850e+02 1.359915789473684242e+02 1.305187500000000114e+02
9.836729663105998611e+01 1.192201958797703440e+02 9.973992395437262815e+01 1.198895737031330242e+02
1.311688596491228225e+02 1.521850220264317102e+02 1.597607973421926886e+02 1.555833333333333428e+02
1.266619258322798203e+02 1.277305194805194759e+02 1.380813559322033939e+02 1.358024691358024825e+02
1.261363862618217979e+02 1.212885906040268509e+02 1.220333333333333314e+02 1.196140350877193015e+02
1.332085308056872179e+02 1.343706395348837077e+02 1.277380410022779103e+02 1.269510489510489464e+02
1.211727999999999952e+02 1.333971264367816048e+02 1.280751824817518241e+02 1.228906525573192283e+02
1.280000000000000000e+02 1.280000000000000000e+02 1.280000000000000000e+02 1.280000000000000000e+02
9.814764705882352303e+01 1.215319573901464736e+02 9.988156972669936806e+01 1.062784810126582329e+02
1.327209720972097102e+02 1.231972529568866861e+02 1.308155619596541896e+02 1.339230769230769340e+02
1.220166369578134322e+02 1.251853562005277070e+02 1.210407030527289578e+02 1.194055944055943996e+02
1.284652257650331819e+02 1.254957400886061549e+02 1.207511961722487968e+02 1.203934426229508148e+02
1.282271787805718191e+02 1.210677966101694949e+02 1.240360360360360374e+02 1.244942528735632123e+02
1.314458637469586506e+02 1.305494350282485811e+02 1.128368794326241158e+02 1.214530612244898009e+02
1.225007561888084098e+02 1.242141234567901193e+02 1.263721548921076021e+02 1.295292243987896086e+02
1.246250663834306920e+02 1.140886766712141878e+02 1.057547445255474514e+02 1.189805825242718385e+02
1.292308457711442884e+02 1.374989926124916053e+02 1.478557046979865675e+02 1.539514731369150695e+02
1.546997725549658753e+02 1.618364361702127781e+02 1.395197889182057907e+02 1.819565217391304373e+02
1.572846202935545534e+02 1.642092307692307713e+02 1.403971962616822395e+02 1.726363636363636260e+02
1.354714448886350624e+02 1.272899552663684375e+02 1.311650485436893234e+02 1.339696601941747645e+02
1.289963931469792726e+02 1.275473908413205493e+02 1.283082524271844704e+02 1.348217821782178305e+02
