1.634614264919941888e+02 2.130830860534124724e+02 2.499540816326530717e+02 1.053608247422680364e+02
2.354296351451973237e+02 2.078695095948827429e+02 1.488756815703380596e+02 7.349347258485639145e+01
2.330783167738164821e+02 2.064847579199043537e+02 1.552210526315789423e+02 1.078604651162790731e+02
6.909491193737768810e+01 8.877621621621621273e+01 3.590344827586206833e+01 1.098080357142857082e+02
3.543140110690358568e+01 1.291971664698937339e+01 1.236695464362851027e+02 7.847175141242938423e+01
1.348423157985289720e+02 9.821373829122906329e+01 1.468627218934911127e+02 2.107134146341463463e+02
1.261962616822429908e+02 1.595233082706766936e+02 6.940650406504065018e+01 1.829870129870129745e+02
1.819377272727272725e+02 1.380532258064516213e+02 1.260633245382585699e+02 5.209859154929577585e+01
8.908231511254019352e+00 5.318373389063044243e+01 2.147105747973470784e+02 1.098122555410691064e+02
2.403746222478054335e+02 2.058757998612288986e+02 1.564433985034998784e+02 9.991950321987120276e+01
1.951129912663755590e+02 4.172890484739676964e+01 9.801244813278007939e+01 1.469722222222222285e+02
1.951726218097447827e+02 1.637662616154395891e+02 9.904705882352941160e+01 9.000000000000000000e+00
1.734170685550332678e+02 9.341631367437818767e+01 3.863946723821187845e+01 2.311064257028112365e+02
1.643002741685540684e+02 2.135331985528835901e+02 4.241775777414075321e+01 9.874451914644841111e+01
2.158372193623740145e+02 1.693415954107587424e+02 3.260275689223057327e+01 9.548924731182795256e+01
1.648884976525821457e+02 1.208336025848142157e+02 2.526462311557789064e+02 2.137297861241523265e+02
1.931197604790419291e+02 1.509921082299887303e+02 1.035447761194029823e+02 6.720000000000000284e+01
7.683831604636973900e+00 2.821129227866864397e+01 9.067765776009096612e+01 1.803269230769230660e+02
8.884952638700947603e+01 1.279641714651311588e+02 1.938821752265861065e+01 4.751271363067944975e+01
2.378220556745181966e+02 1.536505406943653895e+02 7.906534090909090651e+01 1.863184079601990106e+02
1.185898996545484465e+02 2.848534552299005185e+01 7.792069701280227889e+01 1.980069284064664998e+02
1.236975427940364369e+02 8.172262773722627571e+01 4.984313725490196134e+01 2.020569105691056961e+02
1.687848869277440826e+02 1.915746606334841715e+02 1.182652733118971042e+02 1.295698324022346242e+02
2.344349814232637925e+02 2.136058249868212897e+02 9.544473342002601157e+01 1.535344000000000051e+02
9.727463274811894678e+01 1.492400203407068489e+02 2.094353132628152991e+02 4.477315208156329618e+01
1.683481363996828009e+02 1.143105320304017347e+01 6.126850690087829321e+01 1.195745967741935516e+02
9.006688963210702070e+01 3.438117001828153718e+01 1.700138568129330281e+02 2.332770270270270316e+02
1.174966183574879182e+02 1.712507082152974363e+02 7.809775641025640880e+01 3.078260869565217561e+01
2.255340210864404469e+02 2.461599568655643395e+02 1.914112127609664640e+02 4.057371895630304692e+01
2.193585987261146499e+02 1.884162561576354733e+02 1.346636904761904816e+02 6.499487179487179844e+01
2.125482527192779401e+02 1.771501154734411045e+02 1.082136659436008728e+02 5.984296028880866203e+01
2.504413228718467792e+02 9.574854571397212055e+01 1.828380770150681656e+02 4.020318725099601664e+01
2.269214259051884994e+02 1.515138194648632748e+02 1.871388196176226018e+02 4.785316455696202809e+01
1.378869565217391369e+02 8.985431235431235564e+01 1.746660341555977141e+02 4.308015267175572660e+01
2.223992907801418539e+02 1.878466997870830255e+02 2.475043673012318095e+02 1.035428486115258266e+02
1.549871990246875839e+02 7.482950530035336101e+01 1.120337349397590430e+02 3.353008595988538332e+01
1.084675675675675706e+02 1.428257372654155404e+02 6.698130841121495394e+01 1.733612440191387520e+02
1.292932146425651752e+02 1.722244532548919267e+02 2.104514925373134417e+02 8.691004845165367954e+01
2.343940813528336378e+02 2.126925920221777346e+02 1.702660668380462710e+02 1.032989690721649509e+02
4.460176991150442305e+00 3.269761273209549302e+01 8.445454545454545325e+01 1.328260869565217490e+02
1.371309771309771293e+02 8.074547803617571162e+01 1.787253289473684106e+02 1.969733656174334158e+01
2.450602810650887591e+02 2.323895921237693472e+02 1.894425287356321803e+02 1.353571428571428612e+02
6.168066971080669703e+01 1.039842696629213492e+02 3.932449297971918867e+01 8.002830188679244827e+01
6.683546335741186795e+01 3.105049368828896306e+01 1.252782266009852208e+02 1.826205919395465855e+02
5.336219431592861895e+01 3.117530224525043181e+01 1.012613636363636402e+02 1.205606060606060623e+02
1.487039559295566846e+02 1.985212486737030133e+02 1.074630273703311616e+02 2.432097696454827656e+02
1.838300492610837580e+02 2.193739967897271299e+02 1.381655677655677721e+02 2.485949367088607573e+02
5.939012584704743247e+00 2.974141555711282336e+01 6.684544758990053026e+01 1.302099697885196292e+02
1.320237388724035554e+02 1.518995305164319234e+02 1.103759689922480618e+02 7.231279620853081269e+01
1.169233701868089952e+02 1.652515495867768607e+02 2.165575679172056880e+02 8.367083333333333428e+01
4.908009280949512743e+01 7.579587489348904228e+01 2.432681667281445925e+01 1.983439798683700985e+02
5.481077147016011786e+00 3.615365653245686417e+01 9.802815622161671172e+01 1.874726840855106786e+02
9.908274231678487354e+01 1.513652968036529671e+02 4.858800000000000097e+01 1.976923076923077005e+01
2.101743537759756748e+02 1.454387527839643610e+02 1.756253132832080155e+02 1.112300319488817877e+02
2.071225406498726045e+02 2.327879745222929841e+02 1.564534015486725593e+02 1.018278899871078664e+02
5.663503200393894588e+01 1.062278402550252423e+02 1.687036298364579068e+01 2.047757934582160431e+02
2.491523629885780053e+02 2.256875930521091789e+02 1.668492822966507276e+02 9.974842767295596957e+01
2.057585931254996012e+02 2.353911792905081484e+02 1.503375870069605469e+02 7.569369369369368883e+01
1.507634001082837116e+01 2.373995098039215748e+02 1.606233421750663126e+02 8.232432432432432279e+01
7.048871614844533440e+01 1.151309255079006704e+02 3.342633228840125525e+01 1.632826912642430841e+02
2.445777460770327991e+02 1.905383886255924040e+02 1.317260442260442233e+02 6.800956937799043089e+01
3.847722180731889807e+01 1.452325791855203647e+02 8.651813471502590858e+01 2.308563015312132052e+02
2.472045003309066828e+02 1.659923809523809553e+02 2.090423076923077019e+02 6.193406593406593430e+01
4.423197879858657444e+01 1.109821481701874433e+02 1.626185696361355042e+02 2.025689655172413666e+02
2.194213273676360814e+02 1.716729893778452265e+02 2.488376963350785331e+02 7.922044088176352261e+01
1.602551358515573270e+02 1.106802096985583290e+02 1.362513966480447039e+02 2.158630952380952408e+02
1.153094025586883618e+02 1.433725095592674563e+02 7.420004701457452256e+01 3.085386819484240561e+01
2.514423830567831146e+02 4.336702127659574302e+01 2.013969522857856589e+02 1.219421553090332822e+02
1.428319594166138131e+02 8.705783456624075711e+01 3.488607594936708978e+01 2.049917958067456709e+02
1.417485317672183598e+01 1.324735135135135238e+02 8.405211726384364113e+01 1.825263157894736707e+02
2.523591671486408359e+02 2.218550932568149108e+02 1.450322580645161281e+02 8.233333333333332860e+01
2.454300816914944861e+01 5.316247808299240063e+01 1.923762508338892587e+02 1.277181208053691250e+02
7.136479591836734926e+01 3.465747126436781400e+01 1.179082774049217051e+02 1.979071618037135352e+02
1.467790156779417714e+02 1.119018121064130611e+02 7.562659685863874870e+01 6.887401392111368637e+01
4.385113734523466889e+01 8.921840180463462389e+01 1.869609773887673327e+02 1.347592610789034211e+02
2.121013024602026178e+02 9.893284433577832715e+01 1.496469178082191718e+02 6.627324632952691275e+01
9.116959064327485862e+01 6.428586171310629993e+01 1.839758842443729918e+02 1.342578796561604690e+02
9.429800498753117211e+01 2.196468500443655785e+02 1.873920619554695008e+02 1.483872093023255729e+02
1.222847737778400301e+02 8.269382973184066543e+01 4.665017530190884543e+01 1.866975655430711640e+02
2.141322784027692023e+02 6.408721311475409266e+01 1.578048237476808993e+02 3.444001518602885170e+01
2.872177419354838790e+01 1.365119047619047592e+02 6.932504970178926840e+01 1.967581395348837248e+02
1.291625615763546797e+01 4.762862318840579690e+01 1.074090909090909065e+02 1.738529411764705799e+02
2.326839349683108438e+01 4.172517321016166392e+01 1.078317307692307736e+02 1.838414634146341484e+02
2.319942802669208675e+02 2.120995073891625680e+02 1.159645390070921991e+02 4.675000000000000000e+01
1.985389684682623113e+02 1.528865270075990850e+02 1.061405685566200674e+02 5.343110680864795370e+01
1.419634587733650619e+02 8.933105905286862480e+01 3.867419785047462000e+01 2.095361305361305426e+02
1.456196756924509259e+02 1.125688558692421992e+02 5.294295415959253148e+01 1.928123515439429809e+02
5.485231680869910420e+00 2.416067796610169438e+01 5.994609348345274924e+01 1.365466237942122234e+02
2.208707456978967514e+02 1.932846299810246649e+02 2.485055205047318623e+02 1.288468085106383114e+02
2.543635297795841836e+02 9.665208110992529100e+01 6.554797441364605959e+01 1.917654639175257785e+02
4.108392156862745281e+01 1.875799721835883105e+01 9.002635914332783784e+01 1.544736842105263293e+02
9.050000000000000000e+01 6.698764983654194793e+01 2.325025536261491155e+01 1.521475826972010168e+02
3.228835439597771639e+00 3.014240777809551020e+01 6.552622730329522938e+01 1.173699421965317953e+02
1.053758804082219314e+02 5.813655316191800182e+01 1.168888888888888822e+01 2.123838120104438758e+02
8.239474845542807202e+01 1.091922583952832611e+02 3.871954563258911008e+01 2.047963558413719056e+02
1.206003529456898491e+02 1.532640950927339247e+02 4.818753595397890876e+01 1.708623575912578474e+02
2.540925026649295262e+02 1.673482972136222884e+02 2.178125000000000000e+02 1.043738317757009355e+02
2.310205237084217913e+02 2.445038863575449000e+02 1.870456456456456351e+02 1.341336633663366342e+02
2.111741003547896582e+02 2.381684879288437173e+02 1.760972515856236669e+02 1.105662100456621033e+02
8.957424848406656537e+00 2.729674220963172715e+01 6.967344998098135989e+01 1.560318979266347696e+02
2.255246066287244844e+02 1.817372380440623374e+02 2.437669654289372545e+02 1.133867187500000000e+02
3.429523141654978957e+00 2.844206008583691059e+01 6.075000000000000000e+01 1.141651376146788976e+02
7.117163856463467653e+01 1.155660377358490507e+02 1.856195804195804158e+02 2.242915506035283215e+02
2.129433566433566511e+02 3.640247850842916222e+01 1.667385071675729193e+02 1.015039510578638726e+02
1.979993129508759750e+02 1.589807976366321896e+02 1.007317073170731732e+02 6.405145413870246784e+01
2.316473684210526187e+02 1.381189258312020343e+02 1.838580968280467403e+02 8.892834890965731631e+01
2.528254098360655746e+02 1.410560344827586334e+02 2.154572864321607994e+02 8.593103448275861922e+01
1.417491966335118718e+02 1.134239166946590558e+02 7.492592592592592382e+01 1.781209503239740854e+02
6.909588042289463772e+00 5.677250608272505872e+01 1.248305084745762770e+02 2.242058823529411882e+02
1.195059717698154245e+01 4.883033932135728605e+01 1.101486486486486456e+02 1.708549999999999898e+02
6.278952205882352899e+01 3.952056843679880416e+01 1.174632539280283794e+02 1.634237867395762009e+02
4.534550913184888543e+01 8.095742275810097510e+01 1.509578289730573886e+02 2.583349467570183933e+01
4.572632321806634081e+01 2.286613021214337849e+01 9.474430955993929615e+01 1.552366211962224440e+02
2.863022908366533770e+01 6.817067223963775291e+01 1.305856023871689615e+02 1.789344262295082046e+02
1.466697523721360774e+01 5.543242245199409268e+01 1.299441248972884182e+02 1.768879668049792429e+02
8.572753679318357456e+01 1.353408563594178418e+02 5.090361445783132410e+01 1.792762998790810229e+02
1.328330471284106125e+02 6.317222080895446368e+01 9.590407608695652186e+01 1.803550551030186853e+02
7.589021514883583563e+01 1.303284324324324359e+02 1.035935846560846585e+02 1.791341589267285883e+02
5.436273687741069693e+01 9.906759443339960569e+01 7.360523158147347544e+01 1.579155102040816416e+02
9.659533838809323925e+01 7.091470180305131521e+01 5.671369606003752040e+01 1.534859106529209498e+02
2.149862903225806576e+02 1.674673065386922701e+02 9.676408450704225572e+01 3.537572254335260169e+01
1.984525758305248075e+02 2.159616076784643042e+02 1.535986842105263293e+02 1.120139860139860133e+02
2.531541782300339207e+02 1.972562814070351749e+02 1.241546391752577279e+02 3.222413793103448398e+01
1.523687674839559065e+02 9.609455063033753675e+01 1.808739551989301333e+02 3.510662824207492605e+01
1.774447219069239452e+02 2.054934159566227834e+02 1.351639962299717297e+02 2.126076107298814577e+01
1.848222168324035977e+02 1.379110354885756067e+02 2.131437814521926555e+02 1.993755656108597307e+01
7.926068191627103943e+01 9.710816326530611775e+01 3.298238993710691602e+01 1.665744234800838512e+02
9.260310128670406371e+00 5.647896879240163059e+01 1.037940854326396476e+02 1.838291666666666799e+02
1.917118834080717420e+02 1.512198246797032937e+02 2.473085106382978609e+02 1.061774891774891785e+02
1.703151149641914799e+02 2.411800329405802472e+02 2.061439497405080488e+02 7.721769383697812827e+01
5.426631625054752384e+00 2.740687679083094608e+01 5.319713261648745828e+01 1.320384615384615472e+02
1.940865487674169287e+02 2.479468246733515571e+02 1.212612747545348668e+02 4.602592810842663340e+01
1.821488790956121875e+02 1.300052708106143200e+02 6.504307116104868669e+01 1.115516969218626713e+02
1.041201014292300613e+02 8.366633416458853389e+01 4.881522491349480930e+01 2.293478260869565233e+01
1.327337201805286959e+01 5.290697674418604635e+01 1.408336192109777016e+02 2.056289682539682531e+02
2.484977284199898975e+02 1.803882618510158125e+02 2.267899761336515496e+02 1.161367924528301927e+02
1.831721698113207424e+02 2.215682394723490631e+02 1.463540372670807415e+02 7.181060606060606233e+01
1.826985635479818768e+02 1.667511595079653262e+02 1.216044776119402968e+02 6.757335581787521051e+01
6.294299450549450370e+01 3.682363977485928785e+01 1.602994011976047872e+01 1.598316831683168289e+02
6.611052631578947114e+01 3.573414634146341484e+01 2.326517571884983937e+01 1.757124183006535816e+02
1.419519372241294697e+01 5.416729088639200995e+01 1.333242603550295939e+02 2.140363636363636317e+02
1.058869477574332336e+02 1.170301556420233453e+02 2.875555555555555642e+01 6.606818181818181301e+01
2.431782694917023377e+02 1.947028879813302353e+02 1.041820378574305295e+02 3.696716033483580333e+01
2.535250685032955573e+02 3.162714508580343065e+01 1.229902152641878672e+02 1.914826589595375594e+02
1.595925082257656236e+01 4.042561775088250187e+01 8.432853717026378604e+01 1.436787048567870499e+02
1.216790830945558781e+02 7.200891719745223440e+01 1.566649874055415523e+02 3.251569506726457348e+01
1.323594594594594582e+02 1.549880564603691653e+02 9.727411167512690326e+01 6.926923076923077360e+01
5.984380257992147989e+01 9.784472300849171233e+01 1.248960626587637535e+02 1.649257104497650346e+02
6.491601431447104176e+01 3.410157257025006317e+01 1.283371093750000114e+02 2.183656716417910388e+02
8.292900213966154865e+01 1.091177383592017804e+02 1.055442622950819676e+01 4.966713156671315943e+01
5.865403304178814636e+01 9.787507768800497843e+01 1.492457264957265011e+02 2.245408163265306030e+02
4.684489742584607086e+01 1.515120967741935409e+01 1.004884057971014499e+02 7.056086461888509120e+01
2.242382812500000000e+02 1.961638280616382701e+02 8.874659863945578309e+01 1.382612244897959215e+02
1.309390889877346638e+02 9.555139022051773168e+01 2.129677900758612168e+02 4.107866470092670852e+01
2.073609112709832232e+02 1.827475247524752433e+02 6.136496350364963348e+01 1.340365853658536537e+02
1.360692658647863880e+02 1.698331318016928719e+02 9.909490740740740478e+01 7.154054054054054745e+01
3.398131932282545176e+00 3.807299270072992670e+01 1.514625550660792896e+02 8.455313351498637076e+01
1.392242385987060231e+02 9.155056179775280611e+01 1.716800308404009172e+02 4.368741808650065650e+01
8.754409473356186311e+01 4.620706860706860652e+01 1.912196461256863813e+02 5.539779005524862043e+01
6.723848471803702154e+00 3.365851407475773271e+01 8.110359408033826867e+01 1.339236234458259389e+02
1.557826908938136796e+02 1.351465517241379359e+02 1.905137262817924864e+02 2.179275512316290531e+02
5.137645508455963039e+01 7.573398099485055468e+01 1.889900450475501970e+01 1.404160170092133342e+02
9.159697386519944473e+01 5.371822033898305371e+00 1.195949367088607573e+02 1.379803030303030198e+02
2.873787697621894566e+01 6.095898457988041486e+01 1.196759195003469785e+02 2.126556655665566495e+02
1.807160000000000082e+02 1.026276501766784435e+02 4.009325681492109084e+01 7.126340694006309207e+01
3.038303601480982863e+01 9.764082653329824169e+00 5.644739471805853270e+01 1.083030924312318461e+02
4.077373974208675200e+00 9.666347094502054915e+01 6.110811546840958641e+01 1.298817610062893095e+02
9.562471667566109090e+01 6.565480728504870456e+01 1.265482748622789160e+02 3.538541666666666430e+01
3.165074420214607187e+01 1.021382054992764132e+01 9.029695431472080713e+01 1.589500713266761807e+02
1.571535831856166112e+02 1.917534043413779159e+02 2.194566781357522700e+02 1.024572353213129929e+02
2.440297010228166812e+02 5.819747447608812507e+01 1.060122199592668011e+02 1.934023099133782466e+02
2.470991416027783316e+02 2.109335246293639443e+02 1.382943181818181699e+02 6.636071428571428044e+01
8.718375277572168613e+01 1.385853903271121794e+02 4.048577563070316643e+01 1.992462406015037573e+02
4.458980891719745188e+01 1.482897327707454167e+02 8.539612676056337648e+01 2.261172707889125775e+02
4.591029023746702187e+00 6.832932932932932601e+01 2.886125654450261635e+01 1.482903225806451530e+02
1.535351699882766638e+02 2.029853249475891062e+02 1.013499288762446611e+02 2.370289855072463752e+02
1.230222814701961553e+01 4.023595505617977608e+01 5.931818181818182012e+01 9.592307692307691980e+01
2.122718152866242178e+02 1.458673341677096289e+02 8.756250000000000000e+01 4.218738404452690105e+01
1.447934191322807465e+02 8.028969931167733876e+01 1.210778665145464856e+02 2.233319107662463523e+02
4.701035353535353778e+01 1.997526623153555647e+01 1.098043202033036891e+02 1.944107648725212414e+02
2.115545617173524136e+02 3.547621914509331731e+01 9.565129500947567465e+01 1.612565249813571882e+02
4.136543909348441517e+00 2.931029411764705728e+01 7.083823529411765207e+01 1.716842105263157805e+02
2.280244635193133149e+02 1.541631878557874700e+02 7.688175675675675791e+01 3.325393258426966270e+01
5.101099284592567074e+01 1.756852898095835869e+01 1.066193323368211310e+02 2.032436750998668344e+02
1.452371669915529573e+01 4.600635838150289203e+01 8.560698689956332430e+01 1.366107382550335672e+02
6.064136825227151206e+01 3.144715447154471377e+01 1.011514670896114154e+02 1.686927536231883948e+02
1.596770499312872289e+02 2.212336448598130971e+02 1.130887792848335351e+02 4.558591549295774570e+01
9.319757869249394844e+01 1.628918322295805865e+01 4.525265957446808329e+01 1.668183333333333280e+02
1.815245781364636741e+02 1.730086021505376266e+02 1.410818452380952408e+02 9.465517241379311031e+01
2.480691299165673414e+01 1.124388435878428538e+01 6.682857142857142208e+01 1.160964912280701782e+02
1.695855694692903910e+02 1.220254491017964114e+02 2.014841897233201564e+02 7.307717041800643187e+01
1.900525836972343541e+02 1.560966453674121510e+02 7.529577464788732755e+01 2.243326530612244767e+02
1.740527788884446352e+02 2.066966101694915210e+02 9.157529610829102751e+01 4.414871794871795174e+01
1.199011479591836746e+02 1.023923611111111143e+02 1.689683544303797476e+02 2.372500000000000000e+02
1.515160066997440254e+02 1.046203637478287476e+02 2.039329274093806532e+02 4.010772357723577386e+01
1.672405293201868233e+02 1.802560357675111788e+02 1.207089700996677806e+02 6.965917602996255198e+01
1.189616822429906478e+02 8.162180349932705781e+01 1.059817578772802591e+02 4.791250000000000142e+01
1.219426229508196684e+02 8.523414634146341484e+01 1.476410256410256352e+02 2.682499999999999929e+01
1.510609009574635024e+02 1.715316742081448069e+02 1.626253164556962076e+02 9.233739837398374561e+01
1.590567257060794759e+02 1.323994490358126654e+02 1.916255619781631481e+02 7.125000000000000000e+01
1.605931761021211912e+02 1.251737089201877922e+02 1.879457871291820652e+02 4.049378418697165927e+01
1.463422019610540303e+02 1.139017614618487073e+02 8.083658104517272136e+01 5.458752271350696361e+01
1.076215485614983578e+02 1.467289073983341439e+02 6.302349869451697373e+01 1.990824644549763036e+02
2.530006793478260931e+02 5.618350242611380452e+01 1.289074505238649522e+02 2.075279503105589924e+02
2.450352520435967278e+02 2.048123569794050240e+02 1.498699186991869965e+02 2.825517241379310462e+01
1.641491841491841441e+01 4.684163920922569702e+01 7.760426770126090901e+01 1.068358831710709325e+02
7.168913342503438813e+00 2.380539549502357133e+01 1.151649029982363288e+02 7.303422982885085446e+01
5.559673366834171127e+00 2.557309184993531659e+01 6.009259259259259522e+01 9.379999999999999716e+01
1.558111872650895293e+02 1.132167595323937519e+02 1.898570209133589515e+02 5.583616937079541032e+01
1.078104938271604993e+02 2.233474226804123646e+02 1.669920886075949227e+02 1.573706293706293593e+02
2.468260393873085263e+02 2.346839999999999975e+02 2.137619047619047592e+02 1.719655172413793025e+02
1.751295353581574545e+02 1.392262662738762629e+02 2.093862091032717387e+02 6.915532286212913959e+01
1.568149113207219330e+02 1.902431835979212735e+02 1.104129924953095667e+02 4.487553282182437897e+01
7.818843530489667515e+00 2.646914984361671941e+01 7.106601503759398497e+01 1.523327272727272828e+02
1.663262454434994027e+02 1.083703703703703667e+02 1.357328767123287605e+02 6.978651685393258219e+01
1.422452225899434097e+02 7.656135701033660723e+01 1.961149307337095991e+02 2.418193979933110427e+02
7.259889972493122912e+01 3.028382999511480378e+01 1.082600858369098660e+02 1.626889763779527698e+02
2.405764883195177006e+01 1.328832000000000058e+01 3.335539714867616823e+01 5.315705931495405423e+01
4.956100933287244992e+00 3.203664921465968263e+01 6.704109589041095774e+01 1.261584158415841586e+02
7.444089881664671893e+00 3.428013029315960836e+01 7.016339869281046049e+01 6.027868852459016580e+01
1.311904761904761862e+01 4.894139886578449961e+01 1.013375000000000057e+02 1.826842105263157805e+02
1.526129345189975766e+02 1.358724261414503189e+02 1.967496223564954789e+02 9.222666666666667368e+01
3.292945544554455495e+01 6.047089947089946804e+01 3.100209205020920677e+01 1.051020408163265358e+02
1.512153095963344924e+02 1.311810281793126762e+02 6.320502941635862015e+01 3.686708515283842758e+01
2.476322097378277078e+02 1.440522243713733133e+02 6.279567567567567465e+01 1.900650887573964383e+02
7.292915309446253502e+01 1.293522774759715901e+02 3.498762886597938149e+01 2.029248197734294479e+02
1.843462469733656128e+00 3.287840670859538506e+01 2.419285714285714164e+02 1.236325581395348792e+02
2.042600145666423828e+02 2.512274074074074122e+02 2.298009708737864116e+02 1.146050724637681100e+02
3.189769367238320541e+01 5.511596505162827953e+01 6.968286445012788022e+01 9.522525597269624598e+01
2.162299389002036776e+02 1.376287553648068673e+01 1.331375302663438163e+02 7.035284892838473070e+01
1.180436205016357718e+02 7.595890410958904226e+01 1.609863636363636488e+02 3.520430107526881613e+01
1.857094414893616943e+02 1.357607244995233486e+02 9.208183856502242293e+01 2.335416666666666572e+02
1.854852941176470722e+02 1.354014227642276467e+02 9.194630071599044641e+01 2.301493212669683146e+02
1.722548378450817381e+02 1.970827088537330098e+02 1.161495773612642353e+02 4.626178217821782113e+01
1.789102642901044931e+02 1.327918660287081423e+02 1.993631778058007455e+02 6.597245762711864359e+01
1.478576669112252375e+02 1.114849921011058456e+02 1.660307692307692378e+02 6.079032258064516014e+01
1.628172351110700333e+02 1.167037472948859111e+01 2.165383651551312596e+02 6.345179777992277792e+01
1.088782936010037616e+02 1.448312820512820451e+02 3.320581113801452489e+01 2.050736434108527249e+02
2.247939784946236443e+02 1.905363951473136979e+02 1.482302936630602801e+02 8.528378378378378954e+01
1.644612244897959101e+02 2.208367805755395636e+02 9.958053691275168262e+01 7.222011385199240685e+00
2.126855709876543301e+02 1.707430142006413121e+02 1.212715133531157221e+02 7.245073612684031161e+01
3.633377588953796788e+01 8.776072961373390058e+01 1.338703339882121668e+02 6.550173010380622607e+00
1.033583765112262540e+02 3.217159763313609488e+01 6.155666666666666487e+01 1.544285714285714164e+02
2.499724273756770003e+02 1.961515151515151558e+02 1.102204724409448886e+02 5.719718309859155170e+01
1.463826616631315574e+02 8.687058348475670755e+01 2.352827427915650560e+02 3.989706170421155917e+01
8.409580379383022830e+00 1.177311843640606810e+02 5.204122509537939578e+01 1.930445945945945994e+02
5.190266875981161654e+00 2.753307286934399301e+01 7.799603803486529330e+01 1.971513903192584962e+02
4.729395264417126654e+00 3.049828895751606694e+01 1.247552836484983345e+02 2.222108843537415055e+02
8.441136671177266848e+00 2.807023643949930403e+01 6.477158273381294862e+01 1.417591240875912320e+02
5.095120499851234541e+01 7.470100651272942116e+01 2.608108108108108070e+01 1.086864686468646823e+02
3.566110268082953638e+01 5.720062893081760791e+01 6.090457256461232483e+00 1.366015325670498157e+02
3.528991690994835295e+01 7.455445544554455850e+00 8.782730923694779790e+01 1.687040498442367493e+02
1.441895395619132785e+02 8.602380952380951840e+01 4.290236898779612318e+01 2.279509981851179532e+02
7.075732838589981100e+01 3.081161210623841740e+01 1.219009661835748801e+02 1.978902953586497802e+02
1.074577094293808130e+02 1.450524146054181642e+02 6.438469601677148546e+01 3.106117353308364670e+01
4.015172772148609681e+01 9.268817204301075918e+00 9.073836477987421745e+01 1.856270096463022412e+02
3.958593982722668869e+01 7.226229508196721163e+00 8.233256351039260323e+01 1.696065573770491710e+02
2.427924130663856772e+01 8.227544910179640070e+00 6.728776978417266719e+01 1.442291666666666572e+02
1.595529000291460306e+02 1.330186424474187277e+02 8.345093945720250872e+01 2.579545454545454675e+01
2.306898300029824043e+02 1.819909502262443368e+02 1.089503649635036453e+02 5.936297071129707348e+01
2.346827682303762117e+02 1.646194968553459148e+02 2.076734913793103487e+02 9.858674698795181257e+01
5.036906633134234568e+01 1.737090255949708251e+01 1.100400400400400400e+02 1.809628844114528192e+02
1.978681849551414871e+02 1.850896114195083157e+02 1.601559356136820895e+02 1.008253012048192829e+02
6.188732296584282011e+01 3.399936926203658061e+01 9.700489296636085612e+01 1.915602294455066783e+02
8.908351177730192205e+01 1.505860215053763440e+01 4.728624192059095321e+01 1.615493670886075961e+02
2.099368948627406439e+02 1.703594236760124545e+02 1.248001302083333286e+02 6.676305662451896694e+01
1.570873805932629352e+02 2.205630885122410518e+02 1.111076523994811964e+02 5.511124260355029492e+01
4.327598944591029095e+01 2.321399511798209758e+01 8.296917808219177459e+01 1.563157894736842195e+02
1.273617021276595693e+02 1.915138461538461456e+02 7.048516129032257993e+01 2.399533073929960949e+02
2.498204667863554818e+01 1.230797546012269983e+01 8.973573573573573015e+01 1.423267326732673155e+02
5.376779195703985437e+01 7.319394261424017145e+01 1.009422572178477679e+02 6.430622009569377795e+00
1.232643859503446038e+02 7.851382113821138375e+00 5.796533730898248393e+01 2.186318057187622514e+02
2.487179277436946165e+02 2.271226625111308977e+02 1.809184569184569114e+02 1.046662584200857253e+02
5.759721699887175816e+01 1.657499157398045142e+01 1.298275862068965409e+02 9.349234693877551194e+01
3.394733411549993640e+00 2.706926406926406870e+01 7.689029535864979437e+01 1.415721925133689751e+02
5.663293650793650613e+01 8.753421633554083314e+01 1.667159090909090935e+02 2.418363636363636431e+02
8.762279670975323143e+01 1.694192293667193496e+02 3.878857566765578468e+01 2.362560307017543835e+02
2.443612392880685604e+02 8.347455919395466140e+01 1.414768558951965076e+02 4.560934025203854958e+01
1.024801606740472266e+02 3.092123578339840506e+01 6.401419354838709808e+01 1.512543786488740523e+02
2.045406480955088000e+02 1.461769532643596108e+02 8.907282282282282893e+01 4.228483353884093532e+01
2.300399999999999920e+02 1.925346097201767179e+02 1.636188811188811201e+02 9.512844036697248384e+01
9.682421227197346880e+00 1.501082024432809874e+02 8.846926229508196116e+01 2.242227272727272691e+02
1.827298636257183659e+02 7.225370815086876064e+01 1.397574014311772146e+02 2.303976377952755854e+02
1.631361256544502680e+02 9.497690531177829598e+01 3.300793650793650613e+01 2.118310502283104881e+02
1.938779314491882246e+02 2.473609302325581325e+02 1.321330798479087321e+02 5.891860465116278789e+01
1.793178057002758123e+02 2.325437382001258584e+02 1.156439665471923490e+02 5.695095367847411438e+01
2.734927276349870340e+01 1.491884937238493762e+02 1.697785800240673950e+02 8.056974459724951032e+01
1.692423357664233663e+02 2.068501118568232755e+02 1.247689393939393909e+02 4.769736842105263008e+01
1.575145951035781593e+02 2.069659813999020912e+02 9.806840638459588888e+01 3.523809523809524080e+01
1.663100923272843090e+02 2.116876629018244955e+02 9.987960417811984826e+01 3.674628508530545190e+01
1.046061415220293789e+01 6.792080745341614545e+01 3.809033613445377853e+01 1.087062937062937067e+02
8.039641045649629802e+01 5.433152173913043725e+01 1.415820189274448069e+02 2.130000000000000000e+02
7.284999999999999432e+01 4.199948979591836462e+01 1.228296354992076118e+02 3.932274247491638786e+00
7.876788553259142134e+01 5.334853801169590781e+01 1.294465290806754183e+02 1.811632653061224403e+02
1.927946701616426424e+02 2.232561728395061778e+02 1.550350448247758663e+02 1.031142490372272107e+02
2.175676470588235247e+02 1.859728950403690817e+02 2.298658457550226899e+02 1.428194070080862446e+02
3.389669421487603529e+01 9.258690987124462879e+01 1.569483985765124601e+02 2.176134453781512548e+02
4.444319344933470006e+01 2.171801446416831141e+02 1.653020937188434800e+02 8.551851851851851904e+01
3.282520325203252298e+01 1.197428571428571473e+02 8.012827988338192142e+01 9.525547445255474699e+00
1.177314618644067821e+02 8.211003236245954895e+01 1.530411046885035375e+02 4.782863849765258379e+01
1.212052513128282101e+02 1.684135874877810295e+02 7.119373040752351756e+01 2.414048126064735982e+02
9.087950784896054301e+01 1.549743119266055089e+02 4.730097087378640452e+01 2.365400291120815268e+02
8.579701916252660965e+01 5.311208642808912828e+01 1.705114503816793956e+02 2.366901408450704380e+01
9.685124487866372078e+01 6.426670258620688969e+01 1.647766059443911786e+02 2.350251889168765729e+02
7.006570512820512420e+01 1.163031226199543084e+02 3.432808988764045210e+01 1.794147582697200960e+02
9.110872608492766744e+01 2.428306620209059190e+02 1.623713503649634902e+02 4.627777777777777857e+01
8.720812627886583357e+01 1.310242334322452962e+02 4.562316176470588402e+01 2.079980769230769226e+02
1.914761171032357367e+02 1.372744935923935543e+02 9.130726256983240319e+01 4.139130434782608603e+01
9.627472527472527020e+01 6.783148206918438916e+01 1.626175115207373381e+02 3.336981132075471379e+01
5.098794063079777317e+01 2.743925702811245060e+01 1.776589358799454317e+02 1.087500000000000000e+02
1.082503037667071624e+02 6.043862815884476447e+01 1.728392101551480948e+02 2.303431085043988276e+02
6.616963134828563398e+01 3.230566685746995148e+01 1.210617433414043518e+02 1.979910714285714164e+02
8.220065075921908715e+01 1.120016260162601611e+02 4.398807947019867726e+01 1.905515394912985414e+02
8.688832343794176438e+01 4.140853462157809872e+01 2.277838840188806557e+02 1.602254063301967619e+02
1.041664273218621872e+01 5.743282612729634451e+01 1.222959270863001962e+02 1.951745244003308528e+02
5.999144634525661246e+01 1.305692934782608745e+02 9.508306188925081415e+01 3.750540540540540491e+01
2.541512362892731005e+02 2.024030303030303060e+02 1.502208835341365329e+02 1.137222222222222285e+02
1.327830775611779472e+02 7.228304597701149703e+01 2.918797629127857718e+01 2.235059523809523796e+02
4.960385244412139016e+00 4.323502090106827467e+01 1.036215246636771354e+02 1.435664062500000000e+02
7.258179818531757199e+00 2.683767576509512054e+01 7.505975159449479861e+01 1.464972972972973082e+02
1.151415505226480889e+02 8.198598130841121190e+01 1.791183932346723111e+02 2.296686507936507837e+02
5.911744680851063549e+01 1.732408435072142083e+01 9.817980636237898295e+01 1.546777777777777771e+02
2.976208530805687147e+01 6.502562111801242395e+01 1.253789126853377240e+02 1.838589743589743648e+02
6.492019774011299660e+01 3.377036395147313641e+01 6.961445783132529819e+00 1.600909090909090935e+02
1.318518518518518512e+01 5.535000000000000142e+01 1.039961977186311799e+02 1.891608391608391742e+02
6.021798365122616126e+00 7.010628465804066423e+01 2.976817702845099944e+01 1.436777777777777771e+02
6.810325476992143301e+00 3.599415692821369106e+01 8.787540983606557177e+01 1.361189127972819790e+02
7.257977883096366156e+01 3.358596491228070136e+01 1.776829268292682968e+02 2.388750000000000000e+02
1.003646925931902523e+01 5.350367555959362420e+01 1.060883323335332875e+02 2.074299332697807472e+02
2.331398104265402935e+02 1.860010141987829684e+02 1.139428571428571360e+02 2.916438356164383450e+01
1.247421638018200163e+01 7.753784860557769321e+01 1.789695945945945823e+02 1.399298245614035068e+02
2.028247156153050810e+02 1.797417923691215549e+02 1.418423529411764719e+02 7.010999999999999943e+01
1.577191082802547726e+02 1.293107387661843006e+02 1.954475043029259780e+02 2.139925925925925867e+02
1.690757228086278019e+02 2.144672131147540881e+02 1.320416666666666572e+02 5.756578947368421240e+01
1.370852713178294557e+01 4.511339235260877700e+01 7.188049029622062847e+01 8.489947643979057545e+01
3.110467380720545449e+01 5.432220536165907987e+01 7.962830593280915359e+00 9.184489795918366895e+01
8.131296717582060296e+00 2.200370959194488663e+01 4.187082262210797268e+01 8.274673629242819572e+01
9.757119609438568375e+01 6.455053763440859882e+01 1.211736189402480335e+02 3.098650674662668791e+01
1.310581896551724128e+02 9.563478260869565872e+01 1.887987804878048905e+02 5.035869565217391397e+01
7.524798753570500764e+00 2.268471921346442244e+01 6.727923211169284912e+01 1.311600985221674875e+02
1.868677169512409648e+02 1.409416832339297514e+02 3.199482133609528844e+01 9.066985230234578808e+01
5.138875353279407143e+00 3.358034528552456521e+01 9.655986051917861346e+01 1.546325358851674707e+02
3.597228011671529835e+00 3.181471172962226746e+01 7.309430604982206603e+01 1.472837209302325618e+02
5.597332904884319049e+01 1.780653702937525793e+02 1.052516268980477179e+02 1.256053811659192831e+01
1.248286066584463612e+02 1.588040485829959607e+02 2.234874551971326184e+02 7.184660766961651746e+01
9.390410229088972471e+01 1.629923469387755119e+02 2.175480225988700624e+02 1.231790123456790127e+02
2.162777401894451828e+02 1.317149576669802400e+02 1.728475409836065637e+02 9.375531914893616658e+01
2.491067556296914063e+02 2.211008462623413209e+02 1.553035143769968158e+02 7.520446096654275436e+01
7.724444444444444002e+00 2.653171856978085330e+01 7.983043478260869108e+01 1.747419354838709751e+02
7.231733333333333746e+01 1.199375928677563081e+02 1.963532934131736454e+02 3.191818181818181799e+01
1.443915696062118741e+02 1.110530726256983201e+02 8.073695652173913118e+01 1.733748584371460879e+02
8.332087306848896446e+01 1.205945798348010101e+01 1.351581681239719614e+02 1.877653028522593672e+02
1.342262108262108313e+02 1.218221884498480279e+02 9.962689393939393767e+01 1.298039215686274588e+02
1.968856172140430374e+02 9.942937153637542735e+01 6.514137628578262706e+01 1.501554009819967348e+02
5.294783247612050303e+01 1.742071197411003141e+02 1.110425724637681100e+02 2.410020283975659368e+02
6.714799817124942649e+01 3.381267758084156583e+01 1.419138662316476314e+02 1.971071904127829555e+02
1.833561309233024019e+02 1.593476783691959326e+02 1.121909547738693504e+02 2.363333333333333428e+02
2.499774136403897273e+02 1.627383720930232585e+02 1.230666666666666664e+01 6.816312056737588421e+01
6.528225538971807396e+01 3.544907975460122884e+01 1.238139825218476915e+02 2.169392033542976890e+02
1.675374791782343209e+01 1.017873289708506803e+02 1.760165876777251128e+02 2.260871459694989198e+02
2.130687275258090665e+02 3.676193221120590238e+01 1.665729794933654944e+02 1.015144927536231876e+02
2.183428311609578714e+02 1.933309859154929597e+02 6.015305773829859959e+01 1.297209496043315369e+02
9.546627810158202010e+01 1.464949928469241911e+02 1.440892586989409949e+02 4.790243902439024737e+01
1.459091520861372828e+02 1.704063380281690172e+02 8.044602851323828929e+01 3.044600938967136017e+01
2.291063017186505419e+02 1.581027113237639412e+02 9.783038501560874067e+01 4.543037974683544178e+01
1.419939975990396022e+02 1.095752595155709344e+02 5.564876033057851146e+01 5.843373493975903443e+00
6.701768455685790116e+01 3.032403997895844228e+01 8.597079715864246907e+00 1.183831325301204771e+02
2.586065186584789899e+01 6.654143646408839174e+01 1.213924050632911467e+01 1.165000000000000000e+02
8.221796276013144222e+00 9.819233776387802948e+01 6.239294117647058613e+01 1.473928571428571388e+02
2.449859897559505839e+02 1.018261865793780743e+02 3.883350895679662784e+01 1.773181299885974909e+02
1.711343151693667153e+02 1.295243111831442491e+02 2.023185131195335202e+02 9.423076923076922640e+01
1.421111539945966911e+02 1.943485232067510537e+02 2.263933209647495346e+02 9.889930555555555713e+01
4.897468354430380089e+00 2.447187500000000071e+01 6.608771929824561653e+01 8.316666666666667140e+01
2.548723257418909682e+01 9.667595171773445628e+00 6.821195652173912549e+01 1.439523809523809632e+02
2.219529748517685448e+02 9.512039019747798818e+01 1.616846401187237063e+02 4.015534829495774005e+01
1.428904899135446556e+02 2.109948400412796730e+02 9.145243757431629206e+01 3.688242651657285620e+01
1.399081220139654569e+01 6.116639477977161476e+01 1.230721476510067163e+02 1.957912844036697209e+02
3.786262870464307895e+01 9.001532364597093760e+01 2.421600265604249671e+02 1.642306513409961610e+02
4.865657521286660625e+00 2.673722627737226176e+01 6.566666666666667140e+01 1.120000000000000000e+02
6.668143635188775420e+01 1.737226173541963021e+02 1.184470428740891350e+02 2.351655603279968716e+02
1.219682539682539613e+02 2.418012048192771033e+02 1.688090614886731373e+02 1.596917808219178028e+02
5.944637321760694704e+01 1.268681672025723515e+02 1.822132963988919698e+02 2.342758620689655302e+01
2.521159420289854936e+01 7.738647342995169254e+01 1.676427656850192136e+02 2.293727810650887591e+02
2.478847871066100481e+02 2.209517787495567802e+02 4.741227347611202703e+01 1.403796526054590572e+02
1.075984066630454521e+02 5.777710675462231649e+01 2.135851877407854715e+01 1.802955547160307219e+02
2.577510040160642646e+01 9.669127599360157532e+00 6.347035991531404164e+01 1.002253202712886235e+02
7.887917371560858726e+01 1.382163507989594962e+02 3.044449779143460688e+01 2.385375529593015926e+02
7.995479434053177670e+01 1.379536754600609925e+02 2.147686801865307586e+02 3.029667116509221714e+01
2.270797757654161160e+02 2.481254147312541534e+02 1.886042857142857088e+02 1.315911949685534523e+02
2.789664676159852874e+01 1.759944751381215440e+02 1.031948424068767878e+02 2.496567164179104452e+02
4.008417296389589524e+01 2.660869565217391397e+01 1.400199146514935933e+02 8.418406072106262172e+01
7.114559466777754437e+01 2.324556199821587938e+02 1.129707344008834866e+02 1.762593155893536050e+02
6.531448355452971555e+01 9.904216488357457138e+01 3.604158790170132676e+01 9.722222222222221433e+00
1.620834724540901561e+02 1.215412221144519833e+02 3.728387096774193310e+01 2.471145038167938992e+02
3.682132867132867204e+01 5.931538461538461604e+01 1.421163012392755043e+01 1.250720823798627066e+02
1.029921982560807692e+01 4.206026058631921671e+01 7.342804428044280485e+01 1.353725490196078454e+02
2.133564102564102427e+02 1.629029029029028948e+02 2.490505494505494539e+02 7.304128440366972086e+01
1.148574466028800600e+01 4.331903945111492504e+01 8.472839506172839208e+01 1.212752293577981675e+02
6.656701966717095331e+01 1.819694856146469135e+02 1.175172413793103487e+02 3.509305289993626786e+01
6.939923664122137836e+01 3.168706868222149353e+01 1.062419305256686073e+02 1.842101151315789593e+02
1.913500784929356371e+02 6.209909909909909942e+01 2.162850241545893653e+02 1.278950617283950635e+02
1.532398316970546936e+01 3.761605206073753038e+01 9.016666666666667140e+01 1.593125000000000000e+02
2.996571180555555713e+01 1.225455407969639481e+02 1.881490857946554058e+02 1.018764478764478696e+02
5.264720652856246375e+01 7.390369393139842202e+01 1.092148437500000000e+02 1.515050847457627015e+02
2.669789473684210535e+01 7.236098450319052233e+01 1.313883495145631173e+02 1.946233062330623227e+02
2.440296923076923008e+02 2.079545454545454675e+02 9.548292682926829400e+01 6.569064748201438420e+01
2.481765557163531000e+01 7.366773162939297492e+01 1.145100671140939568e+02 9.178117048346056350e+00
1.748484251968503997e+02 2.110744394618834008e+02 1.421329690346083794e+02 8.182938388625592552e+01
2.254464594127806549e+02 1.538285007072135784e+02 1.873578015492438169e+02 1.033207729468599041e+02
7.110488107746679987e+01 1.234156773459098986e+02 1.783194376328265491e+02 3.148457258472432940e+01
1.958978658536585442e+02 1.622817149396954051e+02 1.188689278528312769e+02 5.756245638520586283e+01
1.065869316209649469e+02 1.436024231449144111e+02 2.036270034489754437e+02 5.849956970740102946e+01
1.977378969790859742e+02 1.107425591750644429e+02 1.471428571428571388e+02 8.512619279454722232e+01
1.987588172426077620e+02 7.522595963593192891e+01 1.214906621392190118e+02 4.044416873449131344e+01
8.609409190371991372e+01 1.395185185185185048e+02 4.899037749814952036e+01 2.011799276672694532e+02
1.205255948089401556e+02 1.675052770448548927e+02 7.685148514851485402e+01 3.266666666666666430e+01
1.647271966527196696e+02 2.441472868217054213e+02 1.017011686143572575e+02 5.713114754098360493e+01
4.602517482517482250e+01 7.761248374512354076e+01 1.160359937402190980e+02 1.886200000000000045e+02
2.258152003142183730e+02 1.816201117318435649e+02 2.485256474103585731e+02 7.570916905444126144e+01
2.437193959829936887e+02 2.019433962264151035e+02 1.308598014888337389e+02 6.820110192837465490e+01
2.156056184668989602e+02 1.707198587253170672e+02 1.220775102759835562e+02 6.862054409005628486e+01
1.564097693351424709e+02 1.890558958652373747e+02 9.991532258064516725e+01 2.168400000000000034e+02
2.507193144974525296e+02 2.214094401756311754e+02 1.505535714285714164e+02 7.727160493827160792e+01
1.809633066216786119e+02 1.979192263936291170e+02 1.415325077399380689e+02 6.560975609756097526e+01
1.499128508124076831e+01 7.212103505843072071e+01 1.154881818181818147e+02 1.667839506172839492e+02
3.848241659152389360e+01 1.140116686114352405e+02 8.662698412698413009e+00 1.737174959871589124e+02
1.387634032634032621e+02 9.775697478991597222e+01 1.194034151547491973e+02 1.967500000000000000e+02
2.213034120734908186e+02 1.632711182622687147e+02 2.494048027444253819e+02 6.499074074074074758e+01
2.223255755122691539e+02 1.480967741935483843e+02 2.495182767624020812e+02 6.730571428571428783e+01
2.352206035379812761e+02 2.011209633278598687e+02 1.615913978494623677e+02 8.357142857142856940e+01
1.916576332429990970e+01 1.420804859529233077e+01 3.984719864176570781e+01 1.567324561403508731e+01
1.581844701844701717e+02 1.290454217736121052e+02 1.948551292090837990e+02 7.461111111111111427e+01
2.266926829268292636e+02 1.924356629653821074e+02 1.631869353717859497e+02 9.568181818181818699e+01
1.844625082946250814e+02 2.216035805626598574e+02 1.368166023166023137e+02 6.691304347826087451e+01
1.692807881773399004e+02 2.184512922465208646e+02 1.153458149779735749e+02 5.527460510328067755e+01
1.747083333333333428e+02 2.005836363636363728e+02 7.274025974025974506e+01 1.191346153846153868e+02
1.249806251614569845e+02 7.588584183673469852e+01 1.799886148007590236e+02 3.338177339901477580e+01
3.961293820021683842e+01 2.644165236577592637e+01 9.079173401062109861e+01 1.499969666329625966e+02
7.394324438797120536e+01 3.334569732937685416e+01 1.062165413533834624e+02 1.417874015748031411e+02
1.210692952580560586e+02 1.024803512307470896e+02 1.600278833967046808e+02 5.907692307692308020e+01
1.167125303980545326e+01 4.949282905389775777e+01 1.327553225980763045e+02 9.576322074377345928e+01
1.137296072507552935e+02 1.664208782104390991e+02 7.441906873614190943e+01 2.052835820895522261e+02
8.173096446700506945e+00 1.912718173287456978e+02 1.240268199233716473e+02 2.395608214849920898e+02
1.427737102027950016e+02 8.852549818552238037e+01 4.271859227936161574e+01 2.012222222222222285e+02
1.383613042589089446e+02 9.512346993081426660e+01 1.801660750507099351e+02 5.688756041719663870e+01
1.617687802907915966e+02 1.209897178383548493e+02 6.820951509606587138e+01 2.131338742393509165e+02
2.308920331855892698e+02 1.500135379061371843e+01 1.548431829963711834e+02 6.132738748627881620e+01
2.266037271903714156e+02 1.630080530554239715e+02 9.477466863033873778e+01 4.494270435446905765e+01
1.098491747296528231e+01 1.135343220338983059e+02 7.652554744525546937e+01 2.231927710843373518e+02
6.826605080831409111e+01 3.632522796352583327e+01 1.340653188180404243e+02 2.128922558922558892e+02
1.640908443177769982e+02 1.253429256594724279e+02 2.114260869565217433e+02 7.617889908256880460e+01
5.789789123196448628e+01 9.781313131313130782e+01 1.499628571428571320e+02 1.982606060606060510e+02
1.360073664825046080e+02 1.973121175030599659e+02 9.059232175502742734e+01 4.332110091743119540e+01
1.029395363408521291e+02 7.260014915832090310e+01 6.451593042942897149e+00 2.998253606681852546e+01
2.161768777412280826e+02 1.705767806117049474e+02 1.235757575757575779e+02 4.194061855670103256e+01
1.949707446808510554e+02 1.466432664756447082e+02 1.667942583732057358e+02 9.296648044692737756e+01
1.843707729468599155e+02 1.626562082777035982e+02 1.303606557377049171e+02 7.178000000000000114e+01
1.741327939076630287e+02 1.980819327731092301e+02 1.288928571428571388e+02 7.110077519379845512e+01
1.604139046079224045e+02 2.319821958456973334e+02 1.200416666666666714e+02 4.569565217391304657e+01
1.103225806451612989e+01 2.411883408071748747e+01 1.151832579185520302e+02 7.597897196261682495e+01
2.631634386680258331e+01 1.526762114537444859e+01 6.228744939271255276e+01 9.619402985074627566e+01
6.409512761020881300e+00 2.395871559633027559e+01 8.168041237113402531e+01 1.730000000000000000e+02
1.575815738963531771e+02 4.298342999171499912e+01 1.053301985370950860e+02 2.178931082981715974e+02
1.855137686860739450e+02 1.302277486910994639e+02 7.586612021857924049e+01 2.917857142857142705e+01
1.499879372738238885e+02 1.662573176059414664e+02 9.516421568627451677e+01 4.321631205673758558e+01
1.679541078305519761e+02 1.329743069641649811e+02 3.517874015748031269e+01 8.930679405520169212e+01
5.958218604094337678e+00 3.454420992584141459e+01 1.228389423076923066e+02 1.869555412371134082e+02
1.058768428769243286e+01 1.435037069341474023e+02 5.033443865466603739e+01 9.500000000000000000e+01
1.201609565417337251e+02 1.711127221702525674e+02 7.234222404595814737e+01 2.656822010106681731e+01
1.505752105896510216e+02 2.403198789101917328e+02 2.029722222222222285e+02 1.125891472868216994e+02
2.277256722151088297e+02 1.745392116467518235e+02 1.161233295150820908e+02 2.443850868232890718e+02
4.632224532224532254e+01 1.841804423748544934e+02 1.347335423197492048e+02 7.145033112582781598e+01
1.978685386088066309e+02 1.553567508232711418e+02 1.059043209876543159e+02 6.058983050847457719e+01
9.399054373522459116e+01 6.497712717291857132e+01 1.242474226804123703e+02 3.962983425414364547e+01
2.437407952871870407e+02 2.081450000000000102e+02 1.369391025641025692e+02 7.179999999999999716e+01
1.391344114067118767e+02 8.844659785127448970e+01 2.461939477303988895e+02 1.991888790820829627e+02
1.268260120585702033e+01 1.753136756481952148e+02 2.330801526717557124e+02 1.036916666666666629e+02
1.761184622261957884e+02 1.982722035525684134e+02 1.243978805394990417e+02 6.712328767123287321e+01
8.957883745214061832e+01 7.537227602905568347e+01 1.598954635108481170e+02 1.263364595545134819e+02
8.237533227006910863e+01 1.115045372050816752e+02 1.671800000000000068e+02 2.995890410958904226e+01
2.508469610843900170e+02 1.946393442622950829e+02 9.363157894736842479e+01 4.188372093023255616e+01
1.709702970297029765e+02 2.114066390041493833e+02 1.319297994269340961e+02 3.584530386740331664e+01
9.643356643356644042e+01 1.452232758620689594e+02 4.154444444444444429e+01 2.110901442307692264e+02
1.192988202421608150e+02 1.665463687150837870e+02 7.276173285198555618e+01 2.386439232409381646e+02
1.343434659981197044e+01 1.491535764375876454e+02 8.265281625115420638e+01 8.834751773049644896e+01
1.678828735033836494e+02 2.069229885057471279e+02 1.277046004842615048e+02 5.246853146853146654e+01
1.358981432576280781e+02 8.977849177849178375e+01 1.722132166054786921e+02 2.376469387755101934e+02
1.139923716439703156e+02 1.408860754895193566e+02 5.591366906474819842e+01 8.794916739702015818e+00
7.239461883408071685e+01 1.203081166272655622e+02 3.406301369863013662e+01 1.798132295719844365e+02
1.580457227138643077e+02 2.215967523680649549e+02 5.812379110251450953e+01 1.021616379310344769e+02
3.880044167837783675e+01 1.781940114848236192e+02 8.858220829315332878e+01 2.300478359908883874e+02
1.232117962466487882e+02 1.585400667779632613e+02 7.259701492537313072e+01 3.521643835616438167e+01
1.943698874268571615e+02 1.617557561386063014e+02 1.221319502850200962e+02 6.653139810426540635e+01
1.692575157112773070e+02 9.719768592524930284e+01 4.093514070006863648e+01 2.417129521586931276e+02
1.887773561037318188e+02 1.278029097239492700e+02 6.837534668721109199e+01 1.713163686382393394e+02
2.431194029850746290e+02 2.004355853391684832e+02 4.138158081453100579e+01 9.815556783641889638e+01
7.049937976253765726e+01 3.031596781024989440e+01 1.215091943957968539e+02 1.725348148148148084e+02
1.353522348232154684e+02 9.233489784649364651e+01 4.348941469489414402e+01 2.082326589595375594e+02
1.986479342395100218e+02 1.841142469470827621e+02 1.298705768298594307e+02 8.668200836820084021e+01
8.808208538220831940e+01 1.254763265014639728e+02 4.614941394201110114e+01 1.966829268292682968e+02
1.501217347197565388e+01 5.035632183908045789e+01 1.327992926613616191e+02 9.459307359307359775e+01
1.862229589722337266e+02 1.300115911485774518e+02 2.236899710703953588e+02 6.571979865771811546e+01
1.880473833972534976e+02 2.332587106785160245e+02 5.849852278028300390e+01 1.068190822053482947e+02
1.971062801932367279e+02 1.566717226435536361e+02 8.285000000000000142e+00 6.212972972972973196e+01
5.508416956788859409e+01 1.018155737704918096e+02 1.588726708074534031e+02 2.138264705882352814e+02
1.345479951397326772e+02 9.121704658077304373e+01 1.686635687732342035e+02 4.157954545454545325e+01
5.464757006030507114e+01 1.489574420175636149e+01 2.066580763920846664e+02 1.148021646111250931e+02
2.341550964457064481e+02 1.800515782958531190e+02 1.111608950452850308e+02 5.986167512690355608e+01
2.115046826222684615e+02 1.719830874415257256e+02 1.194125258799171831e+02 6.962379421221865528e+01
1.240523004325599743e+02 7.380130749474666629e+01 2.812684622067767037e+01 2.244726591760299641e+02
5.058291356034656161e+01 2.341093969144460019e+01 1.598798418972332058e+02 2.189580896686159974e+02
9.623624131465754772e+01 1.546350153734852597e+02 4.605736782902137350e+01 2.377870563674321502e+01
5.480229104794229755e+01 9.975674855929632656e+01 1.846612111292962410e+01 1.888440621531631507e+02
3.201130776794493471e+01 2.165014979029358813e+02 1.302859830667920846e+02 6.617125984251968518e+00
3.761271934726723742e+01 1.285898171387594004e+02 8.989556962025316977e+01 1.065479782739891412e+01
2.320470010522623738e+02 2.428065630397236703e+02 1.538194444444444571e+02 7.278947368421052033e+01
2.148806709265175812e+02 1.376453201970443274e+02 1.764056999161776957e+02 9.088289962825278678e+01
2.300452719970792259e+02 1.792916851934192835e+02 1.081350108879748433e+02 5.762674756001054988e+01
1.844785792987231900e+02 1.343285345938977287e+02 1.219290187891440524e+02 2.169417344173441791e+02
5.501458167330677185e+01 3.000622554251156160e+01 9.311111111111111427e+01 1.631148648648648702e+02
2.284401388085598512e+02 2.145106649937264649e+02 1.358196969696969632e+02 6.115833333333333144e+01
2.287844628099173576e+02 1.929836601307189596e+02 4.102173913043478137e+01 1.166250000000000000e+02
2.287594470046082904e+02 2.152206726825266685e+02 1.388807339449541303e+02 6.120000000000000284e+01
2.253071748878923870e+02 1.914829308909242229e+02 1.321714285714285779e+02 6.238815789473684248e+01
1.222684314154451926e+02 1.618581674735521005e+02 2.288562288295069607e+02 7.259271899886233825e+01
8.864363910909777644e+01 2.319534883720930338e+02 1.725771276595744723e+02 5.210324483775811188e+01
6.720443559852147075e+01 1.323624715261958897e+02 1.759067524115755532e+02 3.736887608069164202e+01
4.540038375439718443e+00 1.276270450751252099e+02 6.014942965779467698e+01 1.796201716738197547e+02
3.454517161657478130e+00 7.955914312325364790e+01 3.189772727272727337e+01 1.335405824039653169e+02
1.867219123505976199e+02 1.491091445427728672e+02 2.219886039886039839e+02 1.071100917431192698e+02
2.783403068340306774e+01 7.779651162790698038e+01 2.367085346215781101e+02 1.488003731343283675e+02
1.909316695352839872e+02 2.218451795459139078e+02 1.294607214428857844e+02 7.361036843821324283e+01
6.858077366600272740e+01 3.184928809451681175e+01 1.181806256306760901e+02 1.148106508875739706e+01
1.134527619047618998e+02 1.672442074292019072e+02 5.673078408651988980e+01 2.168681166126793016e+02
8.325522831332756368e+01 1.381693750000000023e+02 2.290074937552039813e+01 1.980093457943925159e+02
1.001245251160827365e+02 4.578894251864853260e+01 7.088842398884240481e+01 1.559485148514851574e+02
1.328000189286390196e+02 1.760908732764281126e+02 7.516225093058901052e+01 2.433421686746987973e+02
1.724024390243902474e+02 2.422927135678392006e+02 2.075882352941176521e+02 9.208888888888888857e+01
1.040719041278295620e+01 1.328000000000000114e+02 8.827209302325582030e+01 4.600869565217391255e+01
1.774403148229121143e+02 8.732070365358592312e+01 1.429633152173913118e+02 5.024031007751938205e+01
2.486907268955258985e+02 2.202211295104490603e+02 1.464146559428060641e+02 8.482043343653251100e+01
2.525436573311367283e+02 1.996178010471204232e+02 1.575151515151515014e+02 1.015625000000000000e+02
2.125468023899092600e+02 1.788867678958785348e+02 1.410531135531135476e+02 8.430594900849858675e+01
2.503919177427068519e+02 9.248822269807280350e+01 2.184668705402650346e+02 1.309327586206896683e+02
2.464085115575718419e+02 1.651109826589595286e+02 1.018839177750906941e+02 1.855917602996254629e+02
2.021426625808648225e+02 1.205911923556294170e+02 6.991978368634519825e+01 4.468403908794788038e+01
1.869354300027831925e+02 4.697163120567375927e+01 1.091253416634127262e+02 2.162835820895522261e+02
1.649554589896795278e+02 1.813450905624404186e+02 1.279953488372093062e+02 7.392523364485981574e+01
1.195016750418760410e+02 1.989277472039765726e+01 7.479879462216041475e+01 1.570531177829099363e+02
9.326138433515482973e+01 1.422477272727272748e+02 1.196359300476947567e+02 5.200000000000000000e+01
2.233766233766233711e+01 1.113636363636363669e+01 4.436959064327485436e+01 7.392796610169492055e+01
1.764219234746639131e+02 1.396541176470588255e+02 2.086583541147132053e+02 9.192203389830508797e+01
1.101716635890548872e+02 6.978063998573847471e+01 1.803062046736502850e+02 3.443198680956306390e+01
4.148120766261198611e+01 7.620091743119266425e+01 8.068345323741006325e+00 1.135334323922733972e+02
1.633897227168659469e+02 1.303114520156974550e+02 9.458089171974522458e+01 4.197335701598579050e+01
2.354410075121519981e+02 2.088615249780893919e+02 1.530900195694716217e+02 1.031818181818181870e+02
2.416016042780748592e+02 2.067197530864197574e+02 1.572442996742670971e+02 1.091294117647058783e+02
1.462195322117357534e+02 1.940044228217602722e+02 5.139277864992151024e+01 9.187758505670447562e+01
9.432325174825174940e+01 1.594276150627615039e+02 4.064081632653061149e+01 2.187824956672443761e+02
1.319581497797356917e+02 2.810316815597075646e+01 1.818448275862068897e+02 7.490347222222222001e+01
2.122264431054056502e+02 1.350376623376623400e+02 1.705020833333333314e+02 8.738539741219963730e+01
2.220193637261527329e+02 1.020871170435585213e+02 1.549203892601711914e+02 6.746953887579940101e+01
4.523190613554597839e+00 5.337210533747528984e+01 2.378872289156626607e+01 1.018224486645051741e+02
1.199022957092101649e+02 7.523028304479252881e+01 1.975709090909090833e+02 1.276390977443608961e+02
2.159512969825304367e+02 1.993576799140708999e+02 1.167068273092369424e+02 5.622831050228310801e+01
2.250426514534094053e+02 2.003320512820512818e+02 1.798976377952755854e+02 1.011619718309859195e+02
8.617295385651735273e+01 5.042820838627699942e+01 1.645511882998171984e+02 2.355935114503816692e+02
8.104054054054053324e+00 2.978083447959651409e+01 2.211340670335167715e+02 1.311494464944649394e+02
2.667611988398324030e+01 7.076726342710998097e+01 1.529754601226993884e+02 2.232281553398058236e+02
2.897207586933614465e+01 6.752023546725533265e+01 1.245743707093821513e+02 1.974835680751173754e+02
7.476508572700957700e+00 2.552928647497337522e+01 7.329012345679012697e+01 1.829264069264069406e+02
1.055451941438574153e+02 1.461470588235294201e+02 6.468333333333333712e+01 2.027283702213279639e+02
3.260535714285714448e+01 9.734314756396775792e+00 9.316119005328596359e+01 2.192602459016393368e+02
1.039540395713108012e+02 2.060657500831577806e+02 6.662752646775746257e+01 3.262121792416698440e+01
2.196049004594180758e+02 1.945686080947680239e+02 1.525099999999999909e+02 9.612790697674418539e+01
1.218792190602250116e+02 2.423175487465180993e+02 1.723732119635890854e+02 7.255852156057494540e+01
2.514278949634093863e+02 2.296398852223816220e+02 1.823214285714285836e+02 7.600000000000000000e+01
1.226365075178053274e+02 6.775964125560538776e+01 2.444361766485178578e+02 1.636872190109184260e+02
1.993766048502139938e+02 3.321844660194174992e+01 1.552722772277227818e+02 9.710107197549770319e+01
1.393947368421052602e+01 5.085394021739130466e+01 1.032460317460317469e+02 1.782385321100917395e+02
1.546255392579810177e+02 1.968144625874753331e+02 1.016377187297472489e+02 4.023178016726404138e+01
5.556646650792007591e+01 1.264657004830917941e+02 2.465755627009646389e+01 1.834504672897196258e+02
2.343067371809611288e+01 4.160046620046620092e+01 1.377375400091449364e+02 8.827712508638562383e+01
1.389631908237747666e+02 1.706515390686661533e+02 9.442886178861787982e+01 5.858560606060606091e+01
9.620694322796400400e+01 2.459199284994041648e+02 1.932330961670874387e+02 1.796019736842105203e+02
2.145233053582956870e+02 2.472847049587858237e+02 1.519726368159203957e+02 6.796652719665272002e+01
7.104773156899810260e+01 1.773360902255639076e+02 4.587974683544303645e+01 2.249212598425196745e+02
2.177827476038338546e+02 2.273093812375249456e+02 1.993169811320754832e+02 1.260000000000000000e+02
2.008196149765044822e+02 1.798617734885532400e+02 1.087767259293465685e+02 6.232751937984495783e+01
2.342383638928067739e+02 1.998932584269662982e+02 1.448699029126213702e+02 8.989261744966442791e+01
1.783013112884834754e+02 1.449627039627039551e+02 1.074158986175115160e+02 6.651063829787234738e+01
2.470315925209542343e+02 1.941757425742574128e+02 1.298834586466165320e+02 7.157661290322580783e+01
3.956016597510373600e+01 8.421558441558441643e+01 1.723154761904762040e+02 5.488549618320610612e+00
4.944501029363961209e+01 1.587816928877909284e+01 1.057605363984674369e+02 1.495172719220549027e+02
1.906777059773828853e+02 2.167256778309409810e+02 1.362961038961038867e+02 9.301544401544401808e+01
1.494088235294117624e+02 1.075920260782347100e+02 5.351679178190438790e+01 2.022364485981308349e+02
1.805255387071029531e+02 1.376956521739130324e+02 7.214507772020725440e+01 2.166237623762376359e+02
2.236289549376797652e+02 2.453382704252269377e+02 1.283080129689671196e+02 6.965533411488863180e+01
1.629145673603505031e+02 1.862114164904862719e+02 7.071836137527432697e+01 3.652000000000000313e+01
3.984054228534538566e+01 7.768443804034582456e+01 1.198114942528735583e+02 1.997764705882352985e+02
1.360708117443868730e+02 8.331349206349206327e+01 1.770541125541125496e+02 2.032329192546583840e+02
6.534290307762977079e+01 3.366813509544787308e+01 1.167382550335570528e+02 1.858356164383561691e+02
1.076840749414519962e+02 6.501228501228500534e+01 1.474096916299559439e+02 3.332600732600732840e+01
4.845656565656565817e+01 7.533864053888548540e+01 1.179776397515528004e+02 2.423378582202111531e+01
2.654415078877279299e+01 7.262704726251755005e+01 1.364536541889483203e+02 9.996739130434782794e+01
6.247734222963580919e+01 4.393987049028677205e+01 2.589036055923473256e+01 1.241078651685393197e+02
2.211802325581395223e+02 1.685000000000000000e+02 2.465073313782991136e+02 1.144052631578947370e+02
1.689443585780525439e+02 1.229029640084686008e+02 2.078131067961165002e+02 6.837781186094069596e+01
1.835973969361066054e+02 1.348724273113361676e+02 3.003081232492997188e+01 6.665845724907063641e+01
2.274064188115665672e+02 1.697541145490454255e+02 1.222760563380281695e+02 3.894148936170212494e+01
1.152948997695617663e+02 8.396306880633106573e+01 1.353900582176444232e+02 4.697151424287856258e+01
7.965734569689945310e+00 5.763796330962186687e+01 1.311144393241167450e+02 2.363935185185185048e+02
6.950534153447718211e+01 3.192080109239872598e+01 1.391674074074074099e+02 2.093566265060240994e+02
9.752971014492753454e+01 4.012162162162162105e+01 8.150997150997151053e+00 1.721403887688984753e+02
1.099093330652862193e+02 1.887335783425643285e+02 6.364099153567109823e+01 3.284206139741630892e+01
2.333862104717470061e+02 1.521192660550458697e+02 6.937238493723849331e+01 2.791428571428571459e+01
1.491893278604412565e+01 4.859571045576407755e+01 1.054086886564762722e+02 5.000820793433652511e+01
4.234053965300202549e+01 1.700535252860834134e+02 1.131766406475860123e+02 2.535538184004810702e+01
3.439113428943937123e+01 1.526408068269976752e+02 8.632796780684104831e+00 8.433282208588957474e+01
4.407289823008849794e+01 1.451756141342286242e+02 8.760765678334783502e+01 2.349108666793096916e+02
2.169750988142292556e+02 2.432164813603662594e+02 6.348120300751880052e+01 1.333992932862190912e+02
1.779317502490866900e+02 2.322290735316787291e+01 5.374763161981674386e+01 2.301174743024963334e+02
1.071721068249258195e+02 2.243929687499999943e+02 1.872888713496448361e+02 5.501278772378516635e+01
7.480155642023346374e+00 9.578908188585607775e+01 2.569539375928677671e+01 6.556172839506173489e+01
2.041857468530082187e+01 3.985227634511301886e+01 8.735111111111110915e+01 1.907272727272727195e+02
2.504955935717988496e+02 2.246286852589641398e+02 1.691587301587301511e+02 9.229999999999999716e+01
1.406859131859131828e+01 4.460949033391915464e+01 7.708359133126934637e+01 1.324146341463414558e+02
1.217231804664266690e+02 1.678838727372462927e+02 7.129700942236787853e+01 2.347661788044436548e+02
6.421214175654853307e+01 1.172833765940638813e+02 1.733989395696735869e+02 2.359099938376771775e+02
8.922958956628897909e+01 1.273082867941558050e+02 4.179756454861747272e+01 1.577501419647927321e+02
2.523607332939089360e+02 2.016586345381525973e+02 6.158536585365853711e+01 1.312297297297297405e+02
1.227279135338345810e+02 1.899249855741488773e+02 1.558116504854368998e+02 7.286040268456375202e+01
4.249294184076792646e+01 2.498774080560420430e+01 7.939010989010988339e+01 1.292500000000000000e+02
1.517179000632511077e+02 1.037647476901208279e+02 6.484615384615383959e+01 1.965591836734693914e+02
2.526066373840897938e+02 2.178424369747899050e+02 1.674639769452449514e+02 9.303361344537815114e+01
1.345131421744324918e+01 8.830436802973977706e+01 1.373147029204430964e+02 4.531849135673127194e+01
2.518434618608550011e+02 2.148620102214650842e+02 1.462735242548217514e+02 8.385045778229908819e+01
2.380154251316779437e+02 1.805733911785972623e+02 1.411112195121951345e+02 7.051102941176471006e+01
2.454392545982574916e+02 2.049026047565118915e+02 1.600892388451443651e+02 9.567605633802817522e+01
2.352534276868642280e+02 1.343002450980392268e+02 1.857812895069532146e+02 6.685201793721972763e+01
6.565598441926345785e+00 2.611762422360248337e+01 6.104530201342281970e+01 1.524347826086956559e+02
1.852498593662103872e+02 1.977282535401213863e+02 1.393075630252100723e+02 9.950181488203266156e+01
6.470557939914162660e+01 9.304846686449060655e+01 1.322293577981651254e+02 1.780231213872832257e+02
1.013705885371235098e+02 1.527587451598083703e+02 5.651469656893790017e+01 1.940323807393322397e+02
1.380552721088435248e+02 2.466864261168384758e+02 1.874368358913813495e+02 9.424870466321243612e+01
2.337158541941150531e+02 2.472098540145985339e+02 1.477130801687763721e+02 8.144295302013422599e+01
1.715439666238767700e+02 2.092411522633744880e+02 1.143820330969267189e+02 4.555296404275996025e+01
1.534077879935099986e+02 1.999504685408299736e+02 2.388778195488721678e+02 1.077201447527141198e+02
1.465808080808080831e+02 1.978086956521739239e+02 2.364756606397774590e+02 8.806724137931034591e+01
1.697982978723404131e+02 2.048142144638403863e+02 1.317371512481644515e+02 9.753694581280788611e+01
8.825752895752896166e+01 1.314734299516908322e+02 1.847606707317073074e+02 4.641225165562914157e+01
8.691906060965484926e+01 1.394769586072126515e+02 4.815114600252662314e+01 2.009972713097713211e+02
1.704482758620689538e+02 1.266974023739893340e+02 5.627913552817612697e+01 2.376809536565764915e+02
5.724815673056667720e+01 1.015948951686417558e+02 1.163566078762986145e+01 1.879865841073271326e+02
3.021614409606404195e+01 9.969712266532054556e+00 2.197072029934518298e+02 1.283510253317249692e+02
5.189444444444444571e+01 1.594556213017751567e+01 7.929446640316206185e+01 1.336075949367088640e+02
1.289845973302039113e+02 1.773269643623872867e+02 6.777100646352724311e+01 2.084906621392190118e+02
5.706484826589595372e+01 9.763578088578088909e+01 1.625599315068493240e+02 2.124702380952381020e+02
2.035317337461300440e+02 1.031737914502596851e+02 1.618365000000000009e+02 4.065391621129325728e+01
3.034913793103448398e+01 6.965773195876288071e+01 1.547098674521354837e+02 1.035405405405405475e+02
1.272002434570906928e+02 1.888362133734034671e+02 6.382552800734618614e+01 9.259605399792315339e+00
3.332756055220302471e+01 9.406467210637654830e+01 8.800892585454914041e+00 1.486704503844745489e+02
5.523692587539790821e+01 1.720363636363636317e+01 1.061712538226299642e+02 1.683800904977375694e+02
2.459186295503211852e+02 1.998586956521739069e+02 1.228804597701149390e+02 4.318399999999999750e+01
2.213797209471435679e+02 2.445619819819819725e+02 1.705673451710697179e+02 9.913545816733068250e+01
1.199373549883990648e+02 1.616990391214824854e+02 7.568124658283214501e+01 2.155227537922987153e+02
1.274598036614486603e+02 1.612494942683749173e+02 6.390740740740740478e+01 2.395714285714285836e+02
1.308932680538555644e+02 6.019506553585196684e+01 2.502432432432432563e+02 1.846870370370370438e+02
7.138688186168715788e+01 1.273144654088050345e+02 3.055379661926482271e+01 1.859451851851851814e+02
1.494036939313984078e+02 2.262127476313522720e+02 9.085258964143426397e+01 4.105319148936170137e+01
1.445906163753449825e+01 8.287990196078430927e+01 2.004251592356687866e+02 1.415215366705471354e+02
1.870451556334940690e+01 1.041250000000000000e+02 1.969251700680271995e+02 1.502077393075356326e+02
7.934935521688159632e+00 2.543005780346820899e+01 7.046366145354186017e+01 1.391875000000000000e+02
9.329214213918287868e+00 4.828126508932882643e+01 9.599868305531167323e+01 1.645660516605165924e+02
7.555383822771767122e+00 2.777928692699490654e+01 6.751127819548872822e+01 1.301071428571428612e+02
1.338548387096774093e+02 8.588948580199539151e+01 4.674762658227847822e+01 2.402583979328165498e+01
2.286935648621041821e+02 1.834211640211640315e+02 1.050830449826989650e+02 3.025730994152046804e+01
1.701648690292758204e+02 2.145441176470588118e+02 1.227924528301886795e+02 6.459199999999999875e+01
2.467112232030264707e+01 1.035228377065111829e+02 1.152064451158106806e+01 6.342523364485981574e+01
4.208299787747932008e+00 2.779517884914463366e+01 7.347602040816326507e+01 1.832071428571428555e+02
7.422155113867886200e+01 3.613197326277677490e+01 1.725966063479216075e+02 2.255791326159074401e+02
6.151754845468831689e+01 9.894930597465298661e+01 3.394496560350219028e+01 1.778823529411764639e+02
5.535534934497816550e+01 9.354394449116904298e+01 1.340086316323940174e+01 1.329569495694956913e+02
1.877484229498347759e+02 1.573386709367493950e+02 1.059079248740265626e+02 5.890649942987457166e+01
1.208401197604790411e+02 1.657774018944519696e+02 7.935453100158981954e+01 3.898222222222221944e+01
6.891720393620630603e+01 3.179749478079331837e+01 1.513241308793456028e+02 2.263684210526315894e+02
1.507772466539196898e+02 2.310466926070039051e+02 1.075817409766454347e+02 7.814583333333332860e+01
6.407665505226480818e+00 2.720853858784893120e+01 7.601311475409836760e+01 1.304629629629629619e+02
1.331989567809239929e+02 1.533407155025553550e+02 2.189862700228833035e+02 6.940223463687151195e+01
1.531010989010989078e+02 1.052222222222222285e+02 2.160495867768595133e+02 2.511764705882352899e+01
1.463534322820037232e+02 1.700394202898550589e+02 7.777377049180327617e+01 2.289468599033816361e+02
1.479699769053117677e+02 1.141550888529886976e+02 2.053742802303262920e+02 4.076712328767123239e+01
1.331232349165596816e+02 1.854708520179372329e+02 9.745151515151515298e+01 1.729718309859154886e+02
1.891882716049382793e+02 1.589853515625000000e+02 1.041948717948718013e+02 2.190845070422535343e+02
9.158688750862664563e+01 4.312784670959635491e+01 1.316581046896283453e+02 1.917858439201451972e+02
2.485998189225894066e+02 7.723574144486691750e+01 1.503319327731092301e+02 2.928961748633879836e+01
2.444478293983244441e+02 1.681346483704974162e+02 2.065469107551487298e+02 1.245359628770301583e+02
8.587714385719286270e+01 1.431385041551246502e+02 2.296597633136094601e+02 4.670607028753993717e+01
1.281390946502057488e+02 1.582287390029325422e+02 9.810881801125704271e+01 6.973943661971830466e+01
8.751641266119577267e+01 1.364642335766423287e+02 2.139233128834355853e+02 4.435438596491228225e+01
2.031302774427020381e+02 2.295963636363636340e+02 1.556736842105263179e+02 8.186274509803921262e+01
2.231540653079114520e+02 2.459780033840947624e+02 1.531523500810372695e+02 7.197777777777777430e+01
2.189020314075781641e+02 1.636318020003390359e+02 1.210793357933579273e+02 6.768201754385964364e+01
2.395372151898734217e+02 2.049313850063532527e+02 1.458000000000000114e+02 8.674468085106383342e+01
2.284035714285714391e+02 1.808588312541037340e+02 2.473769878391019574e+02 9.794972826086956275e+01
1.350661585067917514e+01 2.044373466318372436e+02 4.989078114004222186e+01 1.149904158544509443e+02
1.855758588489703698e+02 1.101233358185110234e+02 2.137622452627815619e+02 5.551889791593076495e+01
1.853178389043639811e+02 6.559535474505534580e+01 1.221186317321688506e+02 2.359198767334360696e+02
1.345147508633448581e+02 8.997630853994490963e+01 2.196730898498767601e+02 4.948883161512027584e+01
9.972509208516754597e+00 3.123197411003236112e+01 1.895784099197665853e+02 1.222602187679907928e+02
1.356679972231864042e+02 1.891578650629580807e+02 8.905692199578355428e+01 3.680279329608938355e+01
4.106344532191138796e+01 2.066222157940410682e+02 2.342540669856459203e+02 1.445259854381119737e+02
1.468065666320011964e+01 5.712990847357543345e+01 2.185446215139442359e+02 1.775953288846520479e+02
1.272621981271562319e+01 5.558836833602585159e+01 1.023003647285990070e+02 1.531117318435754271e+02
6.085843660629170415e+01 3.120031136481577505e+01 9.811711711711711814e+01 1.518259109311740929e+02
9.514115554959066401e+01 1.914117778772951226e+02 2.453307366321824645e+02 1.818122503328894766e+02
6.296640474663245612e+01 3.631622008590714046e+01 1.277021604938271651e+02 1.823319919517102505e+02
1.647502252252252219e+02 2.098684563758389174e+02 9.954582074521651691e+01 3.968133047210300646e+01
3.062204507971413037e+01 1.292410127290530113e+02 1.544538276690696819e+02 6.735706182643221496e+01
2.301501702016234674e+02 1.808165954415954388e+02 1.436646706586826383e+02 8.836923076923076792e+01
2.311276264591439826e+02 1.802373472949389281e+02 1.056416666666666657e+02 2.986137071651090480e+01
3.693276055285767967e+01 1.068924302788844649e+01 7.992834890965731631e+01 1.448333333333333428e+02
2.249765708200212941e+02 1.415165031222122991e+02 6.018840579710145278e+01 1.695604395604395620e+01
1.818815612382234121e+02 1.960527196652719795e+02 1.414625668449197917e+02 8.851515151515151558e+01
1.610896341463414672e+02 1.923381294964028712e+02 1.312354570637119195e+02 9.725773195876288924e+01
3.634553191489361978e+01 7.199826989619377393e+00 8.047900466562985855e+01 1.577878787878787818e+02
1.475662420382165578e+02 1.027259539577420355e+02 2.125148707947342643e+02 3.678216374269005939e+01
1.160135033758439675e+02 7.992596063730084666e+01 1.519530120481927611e+02 1.976934673366834261e+02
1.839252771315177313e+02 2.295959183673469397e+02 1.352105761641673212e+02 5.744294525828836129e+01
2.360841330774152311e+02 2.073977286754721661e+02 4.454513274336283501e+01 1.449786843072399734e+02
2.392933289731850834e+02 2.045868705035971118e+02 4.454724241128687368e+01 1.486864406779660897e+02
2.808716310640846459e+01 1.131412294647588723e+01 8.994799632915264453e+01 1.733046875000000000e+02
1.051056173958063624e+02 1.051797520661156966e+02 6.366969696969697168e+01 1.193720930232558146e+02
3.440780866721177489e+01 1.058481012658227804e+01 1.164037800687285227e+02 1.572265625000000000e+02
1.389625652040503212e+02 8.904541284403670431e+01 4.264341085271318121e+01 1.770548712206046957e+02
4.831634403332516570e+01 1.416016260162601625e+01 7.877016885553470615e+01 1.472871972318339147e+02
2.517992810065907747e+02 7.898607888631090646e+01 5.931786542923433814e+01 1.479576923076922981e+02
1.780303897032534906e+02 2.398519230769230717e+02 1.421375789985415565e+02 5.587365591397849585e+01
1.276551102204408750e+02 1.003713200379867061e+02 1.880764912280701822e+02 6.084581497797356775e+01
1.822960331557134452e+02 1.244946507237256128e+02 7.107097791798106812e+01 2.162469733656174355e+02
1.930447761194029965e+02 1.014202476329206064e+02 6.503882476390346312e+01 3.245341614906832461e+01
2.297489691365737770e+02 2.482345196461633350e+02 1.826434743065029522e+02 1.442941952506596408e+02
1.735668176670441767e+02 7.717516902274124391e+01 1.978126666666666722e+02 3.809929078014184256e+01
5.125828530259366289e+01 1.026010430247718404e+02 1.825299401197604965e+01 1.556129807692307736e+02
1.379261814796560941e+02 9.049031451780878399e+01 3.826494998935943670e+01 1.915932614555256066e+02
1.742552242310401596e+02 1.269760038013779990e+02 1.518473080317740482e+02 7.127738515901060623e+01
1.308695652173913082e+01 9.084476190476190993e+01 4.596309963099631091e+01 1.538097754293262938e+02
1.123562704964378582e+02 8.284607520993063190e+01 4.641766293868106175e+01 1.335703839122486158e+02
2.255861440291704696e+02 1.877933467741935374e+02 1.441651583710407181e+02 1.165000000000000000e+02
7.773476702508961012e+01 2.837250554323724927e+01 1.385138888888888857e+02 2.083210702341137051e+02
2.679793814432989763e+01 7.405363321799308096e+01 1.527832512315270890e+02 2.234424083769633569e+02
1.977787823990355776e+02 1.531026936026935914e+02 2.362456140350877263e+02 1.011843971631205648e+02
1.724392506690454923e+02 2.111295143212951473e+02 4.733732876712328874e+01 8.929119638826185223e+01
2.128171852899575640e+02 2.281854304635761537e+02 1.710314814814814781e+02 8.272028985507246546e+01
2.101983471074380105e+01 4.532191414195482082e+01 1.015600828729281773e+02 1.720861618798955703e+02
3.815769461677006369e+00 7.816245165129426020e+00 5.129096325719959992e+01 1.015688073394495348e+02
2.060870331219168463e+02 7.981077844311377589e+01 1.440151975683890555e+02 2.875438596491228083e+01
2.312348965287049509e+02 1.781831894196087092e+02 1.294576411960132987e+02 7.568471337579617852e+01
2.467553275453827837e+02 1.995632295719844365e+02 1.327819548872180349e+02 3.811483253588517073e+01
5.023684926290594888e+01 8.034675334269040547e+01 1.996918282548476498e+01 2.335798507462686473e+02
5.382038961822239287e+01 1.901928904709221158e+01 9.799797942689198749e+01 1.902145557655954633e+02
2.621249999999999858e+01 7.602994011976048228e+01 1.063364485981308327e+01 1.746557377049180388e+02
7.214025590551180755e+01 2.109418859649122737e+02 4.145000000000000284e+01 1.474534161490683175e+02
1.271096153846153776e+01 4.909793011350990355e+01 1.106743136517487756e+02 1.938269230769230660e+02
1.153660814344415400e+02 1.637973454833597486e+02 5.543730697961704834e+01 2.017058823529411882e+02
1.593902962644911838e+02 2.022274492878722469e+02 2.337370600414078581e+02 9.885162846803378045e+01
1.129501431533221449e+02 6.914290139390810452e+01 1.392320852162685583e+02 1.986786743515850162e+02
1.253206067769897487e+02 8.771224677716389806e+01 3.437182366150572932e+01 1.653700309675788276e+02
2.086301982947306612e+02 1.704498830221569676e+02 1.383900585721070229e+02 8.965378868729989392e+01
6.381561949500881070e+01 3.295094339622641400e+01 9.295949367088607573e+01 1.338181818181818130e+02
1.008059877819402850e+01 5.111486245995830302e+01 1.130979827089337135e+02 2.274741912031988420e+02
1.813895212285456182e+02 2.271258228605625504e+02 1.441836287592113024e+02 1.153832969772514758e+02
1.986753554502369639e+02 2.434086879432624073e+02 1.589980506822612085e+02 1.262147239263803726e+02
2.405665701881331415e+02 2.107015968063872151e+02 1.600144230769230660e+02 6.287500000000000000e+01
5.927406951707166805e+00 1.277265625000000000e+02 6.040223463687150485e+01 1.789073634204275436e+02
1.950531362365161669e+02 2.287990196078431495e+02 1.338284132841328358e+02 7.094979079497908003e+01
2.441064464783127619e+02 2.065684380032206207e+02 1.462278688524590109e+02 7.131972789115646094e+01
1.092723263506063880e+01 4.903576982892690239e+01 1.119416058394160558e+02 1.734062500000000000e+02
8.013836270795586358e+00 1.765805152979066008e+02 5.202598566308243733e+01 1.057957746478873275e+02
2.316040609137055810e+02 2.465115961800818525e+02 1.602777777777777715e+02 1.023688524590163951e+02
4.650526315789473841e+01 2.515701668302257232e+01 1.035981912144702903e+02 1.717012987012986969e+02
2.906374340235485221e+01 9.890510948905109956e+00 8.050668896321070633e+01 1.342195121951219505e+02
1.319285714285714164e+02 1.503972332015810309e+02 8.841166936790924069e+01 4.282978723404255561e+01
2.018104945262363117e+02 2.400844171779141050e+02 1.531358121330724202e+02 1.029645390070921991e+02
2.275818288565976673e+02 1.860112601820795533e+02 1.374552008238928806e+02 8.396264367816091578e+01
1.638495882097962806e+02 1.887702175125488111e+02 1.236950636942675175e+02 8.330798479087452790e+01
5.538940809968847390e+01 1.480292365998917248e+01 1.002434210526315752e+02 1.518203463203463173e+02
1.360987983978638169e+02 8.945956805625313280e+01 1.724230769230769340e+02 2.131729032258064649e+02
1.291593259287629394e+02 1.878156670113753819e+02 2.429011834319526599e+02 7.683282980866061962e+01
1.330857748650732333e+02 9.395017516543401825e+01 1.837138728323699297e+02 4.661205273069679578e+01
5.634431554524361729e+01 1.483314285714285674e+01 9.948547717842323834e+01 1.441890243902439011e+02
1.733291731669266653e+02 1.479232186732186847e+02 1.116399694889397409e+02 8.500704225352112076e+01
2.232403061224489704e+02 1.962695167286245237e+02 1.354390243902439011e+02 5.784615384615384670e+01
9.650529547198772207e+01 1.246665100986378576e+02 7.261862244897959329e+01 5.442756183745583343e+01
8.301333709026016550e+01 1.054005080440304880e+02 5.388070175438596721e+01 2.314202898550724683e+02
2.452646845540246545e+02 5.164663023679417364e+01 2.250642201834862277e+01 1.420471698113207424e+02
2.410724890829694402e+02 2.039168646080759970e+02 1.403738601823708336e+02 3.281954887218044803e+01
1.773733963538149965e+02 1.232255125284738000e+02 2.354070588235294110e+02 6.666323024054982227e+01
2.445629731589814071e+02 2.027070063694267503e+02 1.240395061728395092e+02 5.605833333333333002e+01
9.768026787104813025e+01 6.127857249850210053e+01 2.278960413080895080e+02 1.742156741364367889e+01
8.794869728713403845e+01 4.454278049247868410e+01 1.738960546282245900e+02 2.347350525310410774e+02
1.881916376306620293e+02 1.459632183908045988e+02 1.105508021390374296e+02 5.828571428571428470e+01
1.979574781194330342e+02 1.621871746824901095e+02 1.191013745704467368e+02 5.534818941504178014e+01
4.171567770983132561e+01 1.907365326251896818e+02 1.181232381640766107e+02 9.990492653414001722e+00
3.456671763845488954e+01 9.523213883254450707e+01 8.749674054758800779e+00 1.512637729549248888e+02
3.577802146158063579e+01 9.523437500000001776e+00 9.705943152454780432e+01 1.290665844636251620e+02
4.718398396037268583e+01 9.896259563615754473e+01 1.856237491661107342e+01 1.408100000000000023e+02
2.238217418268804693e+02 1.438220415537488748e+02 1.936066176470588118e+02 5.104086538461538680e+01
4.471279793858707308e+01 2.504614529280948787e+01 1.105011526048870394e+02 1.672432082794308030e+02
6.792992766726943898e+01 1.243380689292291521e+02 2.875193798449612359e+01 2.275223816663097125e+02
1.234574851042701056e+02 7.623936316222892629e+01 2.349166666666666572e+02 3.470302603800140417e+01
2.439591642924976327e+02 1.395163398692810404e+02 1.982629629629629733e+02 9.166037735849056389e+01
2.488206157965194052e+02 2.129454855195911307e+02 1.996611165523996192e+02 1.612524271844660291e+02
1.124025198938992105e+02 1.368469387755102105e+02 8.115074024226110794e+01 5.211864406779660897e+01
1.539972027972027888e+02 1.798384491114701120e+02 1.184814814814814810e+02 7.372058823529411598e+01
1.196057940479325765e+02 1.670803691797158592e+02 7.257778101764105827e+01 3.081303418803418737e+01
2.387888065056206699e+02 1.729143723162414688e+02 9.603715670436187679e+01 3.245019920318725326e+01
2.507152163797115065e+02 2.213199999999999932e+02 1.631136363636363740e+02 9.384210526315789025e+01
2.306613636363636317e+02 1.858443002780352060e+02 1.166551724137931103e+02 4.547507331378299256e+01
1.349367033540696958e+01 1.085156250000000000e+02 5.242596644784828896e+01 1.041557788944723626e+02
1.133102367142185329e+02 8.080620297302257882e+01 1.752995780590717345e+02 5.189179104477612015e+01
2.297872645739910240e+02 2.454042082793321526e+02 1.631229012760241801e+02 1.032331081081081123e+02
2.267226318774815752e+02 2.458243559718969493e+02 1.931585893060295689e+02 1.269200000000000017e+02
2.303166695006518125e+02 2.454722652618531242e+02 1.708326446280991604e+02 9.048979591836734926e+01
2.295346175321049600e+02 1.833251396648044818e+02 1.021767337807606282e+02 3.918124999999999858e+01
2.464896157840082935e+02 2.197056856187290919e+02 8.869174161896974340e+01 1.104960317460317398e+01
1.606603094638359153e+01 4.162005856515373381e+01 8.209558823529411598e+01 1.350597014925373003e+02
2.484191553277964317e+02 2.202961790162550244e+02 1.703413461538461604e+02 6.051724137931034164e+01
6.690856763338499036e+01 1.026088328075709768e+02 1.935870121561100348e+02 3.391719745222930271e+01
4.913861289503991969e+01 1.925093420903634822e+01 9.844035408177603586e+01 1.494628205128205138e+02
1.716626835280248713e+02 4.665413050466088407e+01 1.224721239477857750e+02 7.703491974091805616e+01
3.050292397660818722e+01 1.398138195777351314e+02 6.615646258503402066e+01 2.143020833333333428e+02
6.585989907984564695e+01 9.110136452241715688e+01 4.052380952380952550e+01 2.298949824970828359e+01
2.157714861645592919e+02 1.717383994620040255e+02 2.476360294117646959e+02 1.217111111111111086e+02
1.152549864007253007e+02 1.616653813196229521e+02 2.190154845154845020e+02 1.252866666666666617e+02
5.089512323020451134e+01 7.458050541516244891e+01 1.201332223147377221e+02 1.849401574803149515e+02
2.261262548262548364e+02 1.903001735106998353e+02 1.440028985507246375e+02 4.173239436619718390e+01
2.340789412584165348e+02 1.837401168786524579e+02 1.061041666666666714e+02 3.375789473684210407e+01
5.838642659279778435e+00 1.378266666666666538e+02 5.640995607613469787e+01 2.177665662650602485e+02
1.922550066755674152e+02 1.269587482219061201e+02 6.831595092024539895e+01 8.459923664122136699e+00
1.838457811869196519e+02 2.338983606557377186e+02 1.388965986394557888e+02 9.228467153284671554e+01
2.526271860095389457e+02 2.040587606837606813e+02 2.315132450331125824e+02 1.536503496503496535e+02
5.584473825263533797e+01 9.698649635036495908e+01 1.646349862258953323e+01 1.654557708508845906e+02
1.700802323470684314e+02 2.399783174327840527e+02 3.592787046123650896e+01 1.210968645016797325e+02
1.834158175642891706e+02 1.411800947867298532e+02 2.353117744610281932e+02 9.692628205128205821e+01
1.295516986706056173e+02 9.438267230540633079e+01 1.538612744509780441e+02 3.900053523639607533e+01
4.633319638455217415e+01 9.104355758266818555e+01 1.897236981934112521e+01 1.882099494097807622e+02
2.116573838319541778e+01 5.739398900713366913e+01 1.402716463414634234e+02 2.314042194092826890e+02
3.405435353889278360e+01 9.019838282448068867e+01 2.476522795483778623e+02 1.637379533035270640e+02
2.358141713507068573e+02 1.325422526888074799e+02 1.805055627425614375e+02 7.018525179856115415e+01
2.414729360306178307e+02 1.976827309236947769e+02 1.281212121212121247e+02 6.883333333333332860e+01
8.393615257048092815e+01 1.051247504990019905e+02 1.585233441910966405e+02 3.579301745635910237e+01
4.591417695235898044e+00 2.084404761904761827e+01 3.222916666666666430e+01 6.328244274809160430e+01
2.102417112299465316e+02 2.359170506912442420e+02 1.684671857619577224e+02 1.048396226415094361e+02
8.742792493012112232e+01 1.242489249090307624e+02 4.731348107109879919e+01 1.607609819121447003e+02
2.286349952963311338e+01 4.282236437446180588e+01 1.172379603399433456e+01 8.075655317866826977e+01
1.214386134623135831e+02 8.000762496469923235e+01 1.628150064683053131e+02 4.990273363000635953e+01
1.684485410094637245e+02 6.173615594735534984e+01 1.219031862745098067e+02 2.371479085812850371e+02
4.860432968179446789e+01 1.016950699939135738e+01 2.283759004584151953e+01 1.313400324149108656e+02
2.262715686274509892e+02 1.821276751417596529e+02 2.456950564212788777e+02 9.281736526946107801e+01
2.477751726489896953e+02 2.043262368815592254e+02 1.500362537764350463e+02 5.282843137254901933e+01
2.269350451995012463e+02 1.674453926314925809e+02 3.277632223310479986e+01 1.998388329979879359e+02
2.329686697483307611e+01 5.741068447412354203e+01 9.488225255972696459e+01 1.230853858784893333e+02
1.652625550660793010e+02 1.282644265887509221e+02 9.854470588235294315e+01 6.308677685950413405e+01
3.176850180505415011e+01 9.159697256385997832e+01 2.244827586206896513e+02 1.585763239875389274e+02
2.404755892255892320e+02 2.050222039473684106e+02 1.458621134020618513e+02 8.575384615384615472e+01
4.613727405959941308e+01 2.210212765957446734e+01 1.170029411764705856e+02 1.971236559139784958e+02
2.389309706426871287e+02 1.731783157176951988e+02 9.461438848920863620e+01 4.060893854748603360e+01
1.875029105248333394e+02 2.285745730924884072e+02 1.316726037269638709e+02 6.925550999487442994e+01
1.124266444377083900e+02 8.173468685478320594e+01 4.234777134223117656e+01 1.751013698630137014e+02
1.059851632047477779e+02 7.076001719690455616e+01 1.433059630856602098e+02 3.276696976104884840e+01
8.423162193698949807e+01 4.940121412803532053e+01 2.073076049943246346e+01 1.895423387096774093e+02
8.669453988054337401e+01 4.942048558421851112e+01 1.317095474271543765e+01 1.678054919908466900e+02
9.505449882453515187e+00 4.692650214592274693e+01 7.836842105263157521e+01 1.100612244897959187e+02
6.575726565697912918e+01 9.398925193465176164e+01 3.272701754385965245e+01 1.597203125000000057e+02
6.280289646672144954e+01 1.561803444782168171e+01 1.078296577946768053e+02 2.341623009758602905e+02
8.704495614035087314e+00 6.130249632892804357e+01 1.283720930232558146e+02 2.066875000000000000e+02
2.120006321112515764e+02 1.790957792207792068e+02 1.360491525423728945e+02 8.767489711934156560e+01
2.494041811846689995e+02 2.039630872483221538e+02 1.484533333333333474e+02 6.063157894736841769e+01
1.137364928909952653e+02 8.272456395348837077e+01 1.590880789673500431e+02 2.220209790209790128e+02
8.302400000000000446e+00 2.009425287356321803e+02 1.505503649635036538e+02 7.000705467372134194e+01
1.737918691346118294e+02 7.367917440986911970e+01 3.206823276248542953e+01 2.295083510476768822e+02
1.697623529411764594e+02 7.958455392809587181e+01 2.041751927119831862e+02 1.143354430379746844e+02
2.995889588958895899e+01 2.945898512018313653e+01 8.426224783861671597e+01 1.414567307692307736e+02
1.223487819370172360e+02 2.034030343007915462e+02 7.305365402405180930e+01 3.150815850815850894e+01
2.535843141450887970e+02 2.486278541406338718e+02 1.514066985645933130e+02 7.390710382513661614e+01
2.536481226317602591e+02 9.522033898305085131e+01 1.620090090090090200e+02 3.537931034482758719e+01
2.280133819951338126e+02 1.912076271186440692e+02 3.540141843971630919e+01 1.240653061224489733e+02
1.804404202817798364e+02 1.374989629629629633e+02 2.374880283771800293e+02 8.356888039496735132e+01
2.234439723844928380e+02 1.625347885402455574e+02 1.062627737226277418e+02 4.886731391585760775e+01
5.068656716417910602e+00 3.476158495634653889e+01 7.137024608501118905e+01 1.196048526863084902e+02
6.575511751326762067e+01 7.783510638297872219e+01 2.951978891820580486e+01 1.382608695652174049e+02
6.927313337587747810e+01 8.528410256410256807e+01 3.167523364485981219e+01 1.047018181818181830e+02
1.140890919474585985e+02 3.525335502236681862e+01 8.217184466019416789e+01 1.409101941747572937e+02
1.711460775473399565e+02 2.098253461128860522e+02 2.289053398058252355e+02 9.339603960396038929e+01
